1.802820e-10
3.267825e-21
1.250369e-08
9.217253e-14
1.487944e-20
2.725036e-06
1.953379e-25
1.531327e-15
2.722347e-24
3.584673e-16
1.753210e-19
3.298421e-09
4.446783e-15
2.376924e-24
3.455970e-17
2.586322e-09
2.725036e-06
8.445148e-24
1.250369e-08
4.399117e-21
1.132232e-21
1.071769e-16
2.286641e-24
1.127888e-16
4.499230e-07
7.792026e-13
7.573075e-08
4.499230e-07
6.116412e-19
2.976585e-11
5.739161e-14
9.293679e-23
1.127888e-16
2.225117e-19
7.734266e-24
8.323634e-18
9.217253e-14
1.867886e-12
2.934253e-17
2.725036e-06
1.867886e-12
2.934253e-17
3.935807e-21
9.475769e-15
8.703215e-20
3.889646e-23
1.487944e-20
3.863623e-13
9.113108e-23
1.705571e-26
1.127888e-16
6.842373e-15
7.784935e-24
1.095053e-21
4.750163e-20
5.993518e-10
2.661097e-14
3.983819e-16
4.399117e-21
6.156908e-12
4.499230e-07
3.267825e-21
6.166802e-15
2.836998e-18
4.499230e-07
6.797331e-25
9.113108e-23
2.586322e-09
2.722347e-24
3.983819e-16
5.131341e-27
2.661097e-14
9.672168e-23
1.686379e-12
1.224221e-17
9.475769e-15
1.960012e-15
1.556092e-15
1.127888e-16
2.725036e-06
7.784935e-24
1.071769e-16
2.725036e-06
2.934253e-17
4.399117e-21
3.455970e-17
3.298421e-09
4.499230e-07
1.126462e-10
3.060579e-23
1.566399e-22
6.797331e-25
1.250369e-08
6.166802e-15
2.722275e-23
8.953524e-14
1.751784e-26
9.113108e-23
5.079679e-20
7.599117e-21
1.286520e-13
7.573075e-08
1.556092e-15
2.380324e-18
1.517085e-27
7.573075e-08
1.518645e-16
1.761012e-21
5.079679e-20
7.894038e-18
1.518645e-16
5.445931e-10
4.499230e-07
1.556092e-15
1.686379e-12
1.960012e-15
1.302923e-21
1.566399e-22
7.784935e-24
6.156908e-12
1.525212e-20
4.293771e-16
9.293679e-23
3.863623e-13
5.784071e-15
7.341959e-16
2.380324e-18
2.020173e-19
3.060579e-23
1.250369e-08
4.499230e-07
7.573075e-08
3.267825e-21
4.499230e-07
5.008259e-21
3.935807e-21
2.479723e-14
9.217253e-14
2.976585e-11
4.542114e-16
5.008259e-21
7.341959e-16
4.499230e-07
2.976585e-11
1.517085e-27
6.797331e-25
2.725036e-06
1.126462e-10
5.131341e-27
2.255575e-24
7.573075e-08
1.687720e-19
3.298421e-09
1.953379e-25
3.983819e-16
5.993518e-10
2.661097e-14
8.953524e-14
2.725036e-06
1.686379e-12
7.573075e-08
1.556092e-15
7.894038e-18
1.979214e-20
3.505260e-22
7.341959e-16
1.969431e-25
1.286520e-13
2.255575e-24
8.739033e-18
1.208501e-16
4.925462e-18
2.586322e-09
1.358412e-20
2.976585e-11
4.925462e-18
4.750163e-20
1.686379e-12
7.573075e-08
3.408498e-22
1.686379e-12
7.784935e-24
1.018805e-18
5.862709e-20
1.969431e-25
1.960012e-15
1.686379e-12
2.725036e-06
2.178226e-18
6.116412e-19
2.586322e-09
1.960012e-15
8.739033e-18
3.267825e-21
1.518645e-16
1.302923e-21
1.250369e-08
5.784071e-15
9.113108e-23
1.126462e-10
2.360970e-19
7.734266e-24
1.302923e-21
1.867886e-12
8.445148e-24
3.584673e-16
3.298421e-09
6.842373e-15
5.445931e-10
1.566399e-22
2.255575e-24
3.863623e-13
2.976585e-11
1.137633e-22
2.548411e-18
5.445931e-10
4.207610e-19
7.599117e-21
5.739161e-14
7.573075e-08
5.918553e-17
1.126462e-10
1.960012e-15
4.293771e-16
7.573075e-08
7.341959e-16
7.573075e-08
4.293771e-16
7.792026e-13
1.832731e-19
3.172761e-22
7.044772e-19
6.759321e-22
1.127888e-16
2.722275e-23
6.759321e-22
4.446783e-15
7.784935e-24
5.993518e-10
1.802820e-10
4.207610e-19
2.586322e-09
2.725036e-06
1.525212e-20
2.725036e-06
1.126462e-10
1.753210e-19
3.505260e-22
6.116412e-19
3.935807e-21
3.186717e-22
9.293679e-23
2.255575e-24
1.751784e-26
2.934253e-17
5.768873e-26
1.802820e-10
6.797331e-25
6.482216e-12
4.925462e-18
1.518645e-16
4.372907e-22
1.525212e-20
5.008259e-21
6.842373e-15
1.517085e-27
2.380324e-18
1.525212e-20
3.519294e-17
3.505260e-22
5.445931e-10
2.610452e-11
1.517085e-27
1.071769e-16
6.156908e-12
3.172761e-22
2.957364e-17
1.250369e-08
2.725036e-06
8.953524e-14
2.586322e-09
1.753210e-19
2.586322e-09
1.095053e-21
2.223319e-14
1.753210e-19
2.376924e-24
6.607049e-25
3.519294e-17
3.298421e-09
4.930606e-20
1.751784e-26
4.542114e-16
3.172761e-22
8.953524e-14
2.934253e-17
2.114245e-25
7.599117e-21
6.842373e-15
6.130713e-19
2.725036e-06
6.166802e-15
1.426796e-12
3.267825e-21
1.686379e-12
3.983819e-16
5.008259e-21
7.044772e-19
3.186717e-22
2.114245e-25
2.016875e-20
6.482216e-12
1.761012e-21
2.273501e-18
7.511855e-25
2.016875e-20
3.060579e-23
5.079679e-20
1.358412e-20
1.224221e-17
3.298421e-09
3.584673e-16
2.223319e-14
1.867886e-12
2.725036e-06
2.722275e-23
3.584673e-16
6.797331e-25
9.293679e-23
2.725036e-06
4.399117e-21
3.673828e-20
2.225117e-19
7.341959e-16
1.302923e-21
2.976585e-11
5.993518e-10
7.044772e-19
7.573075e-08
2.586322e-09
2.640394e-23
1.250369e-08
4.446783e-15
6.607049e-25
5.784071e-15
9.217253e-14
2.360970e-19
3.408498e-22
2.725036e-06
8.703215e-20
2.380324e-18
4.499230e-07
4.293771e-16
8.739033e-18
8.953524e-14
4.372907e-22
1.208501e-16
5.079679e-20
2.957364e-17
2.725036e-06
1.126462e-10
8.323634e-18
8.445148e-24
2.934253e-17
1.517085e-27
2.725036e-06
6.842373e-15
4.372907e-22
6.797331e-25
3.863623e-13
3.829235e-21
8.739033e-18
6.482216e-12
9.113108e-23
3.455970e-17
7.511855e-25
1.250369e-08
2.376924e-24
2.725036e-06
3.060579e-23
8.323634e-18
3.542988e-13
3.542988e-13
5.079679e-20
2.016875e-20
2.114245e-25
1.517085e-27
1.358412e-20
2.479723e-14
2.725036e-06
7.734266e-24
1.566399e-22
6.842373e-15
9.475769e-15
6.046142e-26
1.071769e-16
3.519294e-17
3.505260e-22
1.969431e-25
7.894038e-18
5.079679e-20
7.511855e-25
1.426796e-12
3.172761e-22
4.499230e-07
1.687720e-19
1.832731e-19
1.286520e-13
5.131341e-27
1.705571e-26
2.661097e-14
2.360970e-19
2.225117e-19
2.376924e-24
2.725036e-06
4.499230e-07
8.739033e-18
6.797331e-25
3.060579e-23
2.223319e-14
3.060579e-23
9.217253e-14
1.126462e-10
1.152880e-21
7.894038e-18
1.137633e-22
1.126462e-10
1.011910e-23
2.479723e-14
5.008259e-21
2.957364e-17
2.610452e-11
4.499230e-07
6.896651e-19
6.046142e-26
5.445931e-10
2.934253e-17
1.517085e-27
5.445931e-10
2.223319e-14
2.114245e-25
3.455970e-17
9.217253e-14
4.103286e-21
6.156908e-12
1.302923e-21
1.687720e-19
8.953524e-14
6.607049e-25
3.542988e-13
3.172761e-22
3.542988e-13
7.573075e-08
1.832731e-19
2.725036e-06
3.863623e-13
1.867886e-12
4.499230e-07
2.016875e-20
2.016875e-20
2.976585e-11
7.573075e-08
1.360517e-20
1.802820e-10
1.753210e-19
4.542114e-16
1.360517e-20
3.935807e-21
2.114245e-25
3.060579e-23
2.836998e-18
1.302923e-21
4.499230e-07
2.934253e-17
5.445931e-10
2.640394e-23
5.993518e-10
4.750163e-20
1.960012e-15
5.445931e-10
4.499230e-07
6.607049e-25
1.832731e-19
1.686379e-12
7.599117e-21
3.983819e-16
4.499230e-07
2.586322e-09
1.208501e-16
1.867886e-12
7.894038e-18
1.131317e-11
2.586322e-09
8.953524e-14
5.079679e-20
1.250369e-08
6.482216e-12
4.446783e-15
4.446783e-15
2.178226e-18
2.836998e-18
3.172761e-22
3.983819e-16
2.548411e-18
1.566399e-22
3.983819e-16
3.863623e-13
5.862709e-20
2.661097e-14
5.993518e-10
1.705571e-26
5.784071e-15
2.725036e-06
4.925462e-18
4.930606e-20
4.750163e-20
3.889646e-23
7.734266e-24
1.518645e-16
1.705571e-26
5.739161e-14
2.640394e-23
4.399117e-21
2.225117e-19
6.156908e-12
1.566399e-22
2.273501e-18
5.784071e-15
7.792026e-13
4.446783e-15
9.475769e-15
1.525212e-20
1.071769e-16
1.208501e-16
1.126462e-10
5.445931e-10
1.018805e-18
4.925462e-18
1.960012e-15
7.894038e-18
1.132232e-21
2.725036e-06
1.525212e-20
1.095053e-21
6.156908e-12
5.079679e-20
6.046142e-26
1.867886e-12
2.722275e-23
3.889646e-23
1.802820e-10
2.725036e-06
3.542988e-13
1.566399e-22
2.380324e-18
3.889646e-23
2.586322e-09
5.131341e-27
9.217253e-14
4.103286e-21
4.499230e-07
7.894038e-18
1.426796e-12
7.792026e-13
2.273501e-18
8.323634e-18
1.095053e-21
3.408498e-22
6.482216e-12
3.060579e-23
1.286520e-13
1.127888e-16
1.556092e-15
2.983190e-17
4.499230e-07
9.217253e-14
3.455970e-17
1.953379e-25
3.863623e-13
2.020173e-19
6.482216e-12
7.784935e-24
1.761012e-21
5.008259e-21
7.341959e-16
4.372907e-22
5.445931e-10
3.298421e-09
2.957364e-17
2.223319e-14
3.863623e-13
3.542988e-13
3.186717e-22
6.156908e-12
2.725036e-06
2.983190e-17
6.842373e-15
2.020173e-19
2.360970e-19
1.126462e-10
1.867886e-12
3.298421e-09
2.586322e-09
2.725036e-06
2.360970e-19
1.250369e-08
5.739161e-14
8.323634e-18
2.976585e-11
3.863623e-13
8.323634e-18
4.542114e-16
3.505260e-22
2.360970e-19
2.223319e-14
1.525212e-20
2.725036e-06
2.548411e-18
3.889646e-23
2.548411e-18
1.969431e-25
7.894038e-18
5.993518e-10
3.519294e-17
2.273501e-18
2.016875e-20
5.918553e-17
7.044772e-19
1.753210e-19
1.131317e-11
4.925462e-18
2.725036e-06
6.842373e-15
3.172761e-22
2.016875e-20
3.060579e-23
1.832731e-19
1.686379e-12
3.267825e-21
8.323634e-18
2.836998e-18
8.323634e-18
6.797331e-25
1.687720e-19
6.166802e-15
4.750163e-20
6.156908e-12
1.131317e-11
4.499230e-07
3.889646e-23
3.519294e-17
6.759321e-22
9.475769e-15
6.116412e-19
2.586322e-09
8.323634e-18
6.896651e-19
6.842373e-15
1.705571e-26
8.703215e-20
4.372907e-22
5.131341e-27
5.862709e-20
9.293679e-23
1.802820e-10
1.071769e-16
2.114245e-25
4.499230e-07
2.610452e-11
3.863623e-13
1.531327e-15
4.499230e-07
6.607049e-25
8.739033e-18
2.016875e-20
1.556092e-15
7.599117e-21
1.969431e-25
5.993518e-10
5.993518e-10
9.475769e-15
3.935807e-21
3.172761e-22
5.131341e-27
1.802820e-10
2.586322e-09
1.753210e-19
3.673828e-20
1.517085e-27
5.993518e-10
4.542114e-16
1.761012e-21
2.376924e-24
3.298421e-09
2.548411e-18
1.832731e-19
1.960012e-15
1.426796e-12
3.829235e-21
1.761012e-21
1.137633e-22
2.725036e-06
1.132232e-21
3.863623e-13
8.703215e-20
2.380324e-18
2.376924e-24
6.896651e-19
1.224221e-17
4.372907e-22
8.739033e-18
1.487944e-20
1.224221e-17
7.894038e-18
1.531327e-15
3.060579e-23
2.725036e-06
1.705571e-26
2.548411e-18
1.071769e-16
1.979214e-20
6.046142e-26
1.018805e-18
7.341959e-16
1.953379e-25
3.829235e-21
3.935807e-21
5.445931e-10
2.479723e-14
4.499230e-07
1.426796e-12
5.445931e-10
9.113108e-23
1.137633e-22
2.722347e-24
1.358412e-20
2.661097e-14
2.957364e-17
2.725036e-06
4.499230e-07
4.925462e-18
4.930606e-20
5.079679e-20
3.060579e-23
1.302923e-21
5.739161e-14
2.178226e-18
3.267825e-21
5.993518e-10
7.573075e-08
7.044772e-19
1.426796e-12
1.426796e-12
5.131341e-27
4.499230e-07
2.836998e-18
1.518645e-16
1.802820e-10
2.016875e-20
6.482216e-12
6.759321e-22
2.836998e-18
2.020173e-19
2.934253e-17
3.505260e-22
2.725036e-06
2.586322e-09
4.750163e-20
1.071769e-16
6.482216e-12
3.455970e-17
2.360970e-19
5.445931e-10
1.250369e-08
1.953379e-25
7.599117e-21
6.896651e-19
2.725036e-06
7.792026e-13
2.586322e-09
6.166802e-15
4.207610e-19
7.044772e-19
3.542988e-13
9.672168e-23
1.132232e-21
1.131317e-11
1.302923e-21
2.586322e-09
1.566399e-22
2.610452e-11
7.573075e-08
2.725036e-06
2.020173e-19
1.224221e-17
6.166802e-15
1.686379e-12
3.455970e-17
3.889646e-23
9.217253e-14
3.519294e-17
1.095053e-21
3.542988e-13
4.499230e-07
4.207610e-19
3.863623e-13
2.586322e-09
6.166802e-15
2.020173e-19
6.797331e-25
4.750163e-20
1.517085e-27
2.836998e-18
6.482216e-12
3.267825e-21
7.784935e-24
2.725036e-06
1.358412e-20
9.475769e-15
3.829235e-21
4.399117e-21
7.573075e-08
6.896651e-19
3.267825e-21
1.250369e-08
1.286520e-13
2.610452e-11
8.703215e-20
1.095053e-21
4.499230e-07
1.132232e-21
3.172761e-22
3.542988e-13
8.953524e-14
5.079679e-20
2.725036e-06
7.792026e-13
8.953524e-14
3.542988e-13
1.250369e-08
9.113108e-23
1.286520e-13
5.131341e-27
2.225117e-19
6.842373e-15
3.983819e-16
2.610452e-11
5.445931e-10
4.293771e-16
2.957364e-17
1.127888e-16
2.376924e-24
6.482216e-12
4.750163e-20
6.166802e-15
5.784071e-15
3.542988e-13
1.131317e-11
2.725036e-06
2.610452e-11
1.131317e-11
7.784935e-24
2.836998e-18
5.993518e-10
2.722347e-24
4.372907e-22
2.016875e-20
6.156908e-12
7.341959e-16
1.487944e-20
7.573075e-08
7.734266e-24
2.286641e-24
3.298421e-09
7.573075e-08
3.889646e-23
2.722347e-24
3.542988e-13
4.293771e-16
4.930606e-20
7.573075e-08
5.131341e-27
1.095053e-21
6.130713e-19
2.934253e-17
5.784071e-15
1.224221e-17
2.610452e-11
1.095053e-21
1.802820e-10
9.113108e-23
1.867886e-12
5.993518e-10
3.172761e-22
3.673828e-20
1.426796e-12
1.152880e-21
5.079679e-20
1.960012e-15
4.499230e-07
1.566399e-22
3.298421e-09
3.935807e-21
5.993518e-10
2.983190e-17
2.586322e-09
3.455970e-17
3.298421e-09
4.293771e-16
1.250369e-08
2.725036e-06
2.225117e-19
3.584673e-16
8.323634e-18
3.186717e-22
5.993518e-10
3.863623e-13
2.380324e-18
6.842373e-15
2.836998e-18
5.445931e-10
2.586322e-09
3.584673e-16
3.519294e-17
8.703215e-20
7.792026e-13
1.518645e-16
6.046142e-26
1.095053e-21
1.011910e-23
6.896651e-19
3.863623e-13
9.293679e-23
1.953379e-25
7.573075e-08
1.802820e-10
1.531327e-15
4.499230e-07
2.722347e-24
5.131341e-27
4.750163e-20
1.751784e-26
1.131317e-11
3.298421e-09
6.482216e-12
1.137633e-22
3.455970e-17
6.482216e-12
2.586322e-09
4.399117e-21
1.286520e-13
7.573075e-08
6.156908e-12
2.836998e-18
1.979214e-20
6.156908e-12
5.008259e-21
1.286520e-13
1.686379e-12
1.705571e-26
2.722347e-24
2.836998e-18
3.935807e-21
9.672168e-23
9.217253e-14
2.747683e-23
8.739033e-18
6.842373e-15
1.071769e-16
8.703215e-20
2.016875e-20
1.802820e-10
7.573075e-08
1.832731e-19
7.734266e-24
7.511855e-25
4.930606e-20
9.672168e-23
1.250369e-08
1.018805e-18
4.542114e-16
4.499230e-07
2.976585e-11
3.455970e-17
4.499230e-07
3.542988e-13
2.286641e-24
3.060579e-23
4.399117e-21
4.499230e-07
1.761012e-21
3.542988e-13
4.542114e-16
2.725036e-06
7.734266e-24
9.113108e-23
1.131317e-11
6.482216e-12
1.518645e-16
9.217253e-14
