2.304947e-10
7.809643e-21
1.251170e-08
7.638642e-14
9.294822e-21
2.747977e-06
1.535636e-25
1.621340e-15
4.217636e-24
6.808038e-16
1.302508e-19
3.896227e-09
7.802704e-15
2.860716e-24
2.191649e-17
2.373042e-09
2.747977e-06
1.108442e-23
1.251170e-08
2.519846e-21
1.268511e-21
9.541434e-17
1.660835e-24
1.292543e-16
4.159923e-07
1.167088e-12
8.265023e-08
4.159923e-07
6.379039e-19
3.489258e-11
9.304102e-14
6.801248e-23
1.292543e-16
5.358528e-19
6.126231e-24
6.230641e-18
7.638642e-14
2.369939e-12
3.083399e-17
2.747977e-06
2.369939e-12
3.083399e-17
2.902067e-21
1.408467e-14
1.627983e-19
7.166871e-23
9.294822e-21
4.494964e-13
8.584853e-23
1.451260e-26
1.292543e-16
4.767912e-15
7.937702e-24
9.530772e-22
4.165569e-20
5.042603e-10
3.350926e-14
3.867753e-16
2.519846e-21
6.617931e-12
4.159923e-07
7.809643e-21
7.120561e-15
4.153677e-18
4.159923e-07
7.501561e-25
8.584853e-23
2.373042e-09
4.217636e-24
3.867753e-16
5.153777e-27
3.350926e-14
1.172887e-22
1.291218e-12
1.954714e-17
1.408467e-14
2.671380e-15
1.279897e-15
1.292543e-16
2.747977e-06
7.937702e-24
9.541434e-17
2.747977e-06
3.083399e-17
2.519846e-21
2.191649e-17
3.896227e-09
4.159923e-07
1.118679e-10
4.380823e-23
3.147529e-22
7.501561e-25
1.251170e-08
7.120561e-15
3.027038e-23
9.551590e-14
1.918763e-26
8.584853e-23
3.460484e-20
1.538533e-20
1.766752e-13
8.265023e-08
1.279897e-15
1.633840e-18
1.397200e-27
8.265023e-08
2.240301e-16
3.269311e-21
3.460484e-20
7.606495e-18
2.240301e-16
5.898158e-10
4.159923e-07
1.279897e-15
1.291218e-12
2.671380e-15
1.879074e-21
3.147529e-22
7.937702e-24
6.617931e-12
2.032273e-20
3.238414e-16
6.801248e-23
4.494964e-13
5.188242e-15
1.181183e-15
1.633840e-18
1.165924e-19
4.380823e-23
1.251170e-08
4.159923e-07
8.265023e-08
7.809643e-21
4.159923e-07
7.876971e-21
2.902067e-21
1.884391e-14
7.638642e-14
3.489258e-11
5.676559e-16
7.876971e-21
1.181183e-15
4.159923e-07
3.489258e-11
1.397200e-27
7.501561e-25
2.747977e-06
1.118679e-10
5.153777e-27
2.108876e-24
8.265023e-08
1.614033e-19
3.896227e-09
1.535636e-25
3.867753e-16
5.042603e-10
3.350926e-14
9.551590e-14
2.747977e-06
1.291218e-12
8.265023e-08
1.279897e-15
7.606495e-18
5.158922e-20
4.635524e-22
1.181183e-15
1.993003e-25
1.766752e-13
2.108876e-24
1.083966e-17
8.357842e-17
9.283226e-18
2.373042e-09
1.092323e-20
3.489258e-11
9.283226e-18
4.165569e-20
1.291218e-12
8.265023e-08
2.113220e-22
1.291218e-12
7.937702e-24
1.760711e-18
8.519171e-20
1.993003e-25
2.671380e-15
1.291218e-12
2.747977e-06
1.924606e-18
6.379039e-19
2.373042e-09
2.671380e-15
1.083966e-17
7.809643e-21
2.240301e-16
1.879074e-21
1.251170e-08
5.188242e-15
8.584853e-23
1.118679e-10
3.741429e-19
6.126231e-24
1.879074e-21
2.369939e-12
1.108442e-23
6.808038e-16
3.896227e-09
4.767912e-15
5.898158e-10
3.147529e-22
2.108876e-24
4.494964e-13
3.489258e-11
1.775827e-22
5.670073e-18
5.898158e-10
8.583429e-19
1.538533e-20
9.304102e-14
8.265023e-08
1.030609e-16
1.118679e-10
2.671380e-15
3.238414e-16
8.265023e-08
1.181183e-15
8.265023e-08
3.238414e-16
1.167088e-12
2.256198e-19
2.532120e-22
9.457852e-19
1.481222e-21
1.292543e-16
3.027038e-23
1.481222e-21
7.802704e-15
7.937702e-24
5.042603e-10
2.304947e-10
8.583429e-19
2.373042e-09
2.747977e-06
2.032273e-20
2.747977e-06
1.118679e-10
1.302508e-19
4.635524e-22
6.379039e-19
2.902067e-21
3.273829e-22
6.801248e-23
2.108876e-24
1.918763e-26
3.083399e-17
5.353184e-26
2.304947e-10
7.501561e-25
5.412711e-12
9.283226e-18
2.240301e-16
7.444167e-22
2.032273e-20
7.876971e-21
4.767912e-15
1.397200e-27
1.633840e-18
2.032273e-20
4.760536e-17
4.635524e-22
5.898158e-10
2.377141e-11
1.397200e-27
9.541434e-17
6.617931e-12
2.532120e-22
2.414187e-17
1.251170e-08
2.747977e-06
9.551590e-14
2.373042e-09
1.302508e-19
2.373042e-09
9.530772e-22
2.174881e-14
1.302508e-19
2.860716e-24
5.664418e-25
4.760536e-17
3.896227e-09
5.565858e-20
1.918763e-26
5.676559e-16
2.532120e-22
9.551590e-14
3.083399e-17
2.754154e-25
1.538533e-20
4.767912e-15
4.967108e-19
2.747977e-06
7.120561e-15
1.406280e-12
7.809643e-21
1.291218e-12
3.867753e-16
7.876971e-21
9.457852e-19
3.273829e-22
2.754154e-25
3.459389e-20
5.412711e-12
3.269311e-21
2.585832e-18
1.067152e-24
3.459389e-20
4.380823e-23
3.460484e-20
1.092323e-20
1.954714e-17
3.896227e-09
6.808038e-16
2.174881e-14
2.369939e-12
2.747977e-06
3.027038e-23
6.808038e-16
7.501561e-25
6.801248e-23
2.747977e-06
2.519846e-21
8.111809e-20
5.358528e-19
1.181183e-15
1.879074e-21
3.489258e-11
5.042603e-10
9.457852e-19
8.265023e-08
2.373042e-09
2.280810e-23
1.251170e-08
7.802704e-15
5.664418e-25
5.188242e-15
7.638642e-14
3.741429e-19
2.113220e-22
2.747977e-06
1.627983e-19
1.633840e-18
4.159923e-07
3.238414e-16
1.083966e-17
9.551590e-14
7.444167e-22
8.357842e-17
3.460484e-20
2.414187e-17
2.747977e-06
1.118679e-10
6.230641e-18
1.108442e-23
3.083399e-17
1.397200e-27
2.747977e-06
4.767912e-15
7.444167e-22
7.501561e-25
4.494964e-13
3.634554e-21
1.083966e-17
5.412711e-12
8.584853e-23
2.191649e-17
1.067152e-24
1.251170e-08
2.860716e-24
2.747977e-06
4.380823e-23
6.230641e-18
3.202075e-13
3.202075e-13
3.460484e-20
3.459389e-20
2.754154e-25
1.397200e-27
1.092323e-20
1.884391e-14
2.747977e-06
6.126231e-24
3.147529e-22
4.767912e-15
1.408467e-14
7.222127e-26
9.541434e-17
4.760536e-17
4.635524e-22
1.993003e-25
7.606495e-18
3.460484e-20
1.067152e-24
1.406280e-12
2.532120e-22
4.159923e-07
1.614033e-19
2.256198e-19
1.766752e-13
5.153777e-27
1.451260e-26
3.350926e-14
3.741429e-19
5.358528e-19
2.860716e-24
2.747977e-06
4.159923e-07
1.083966e-17
7.501561e-25
4.380823e-23
2.174881e-14
4.380823e-23
7.638642e-14
1.118679e-10
7.794922e-22
7.606495e-18
1.775827e-22
1.118679e-10
1.709678e-23
1.884391e-14
7.876971e-21
2.414187e-17
2.377141e-11
4.159923e-07
4.340761e-19
7.222127e-26
5.898158e-10
3.083399e-17
1.397200e-27
5.898158e-10
2.174881e-14
2.754154e-25
2.191649e-17
7.638642e-14
5.013452e-21
6.617931e-12
1.879074e-21
1.614033e-19
9.551590e-14
5.664418e-25
3.202075e-13
2.532120e-22
3.202075e-13
8.265023e-08
2.256198e-19
2.747977e-06
4.494964e-13
2.369939e-12
4.159923e-07
3.459389e-20
3.459389e-20
3.489258e-11
8.265023e-08
1.408281e-20
2.304947e-10
1.302508e-19
5.676559e-16
1.408281e-20
2.902067e-21
2.754154e-25
4.380823e-23
4.153677e-18
1.879074e-21
4.159923e-07
3.083399e-17
5.898158e-10
2.280810e-23
5.042603e-10
4.165569e-20
2.671380e-15
5.898158e-10
4.159923e-07
5.664418e-25
2.256198e-19
1.291218e-12
1.538533e-20
3.867753e-16
4.159923e-07
2.373042e-09
8.357842e-17
2.369939e-12
7.606495e-18
1.565543e-11
2.373042e-09
9.551590e-14
3.460484e-20
1.251170e-08
5.412711e-12
7.802704e-15
7.802704e-15
1.924606e-18
4.153677e-18
2.532120e-22
3.867753e-16
5.670073e-18
3.147529e-22
3.867753e-16
4.494964e-13
8.519171e-20
3.350926e-14
5.042603e-10
1.451260e-26
5.188242e-15
2.747977e-06
9.283226e-18
5.565858e-20
4.165569e-20
7.166871e-23
6.126231e-24
2.240301e-16
1.451260e-26
9.304102e-14
2.280810e-23
2.519846e-21
5.358528e-19
6.617931e-12
3.147529e-22
2.585832e-18
5.188242e-15
1.167088e-12
7.802704e-15
1.408467e-14
2.032273e-20
9.541434e-17
8.357842e-17
1.118679e-10
5.898158e-10
1.760711e-18
9.283226e-18
2.671380e-15
7.606495e-18
1.268511e-21
2.747977e-06
2.032273e-20
9.530772e-22
6.617931e-12
3.460484e-20
7.222127e-26
2.369939e-12
3.027038e-23
7.166871e-23
2.304947e-10
2.747977e-06
3.202075e-13
3.147529e-22
1.633840e-18
7.166871e-23
2.373042e-09
5.153777e-27
7.638642e-14
5.013452e-21
4.159923e-07
7.606495e-18
1.406280e-12
1.167088e-12
2.585832e-18
6.230641e-18
9.530772e-22
2.113220e-22
5.412711e-12
4.380823e-23
1.766752e-13
1.292543e-16
1.279897e-15
6.132347e-17
4.159923e-07
7.638642e-14
2.191649e-17
1.535636e-25
4.494964e-13
1.165924e-19
5.412711e-12
7.937702e-24
3.269311e-21
7.876971e-21
1.181183e-15
7.444167e-22
5.898158e-10
3.896227e-09
2.414187e-17
2.174881e-14
4.494964e-13
3.202075e-13
3.273829e-22
6.617931e-12
2.747977e-06
6.132347e-17
4.767912e-15
1.165924e-19
3.741429e-19
1.118679e-10
2.369939e-12
3.896227e-09
2.373042e-09
2.747977e-06
3.741429e-19
1.251170e-08
9.304102e-14
6.230641e-18
3.489258e-11
4.494964e-13
6.230641e-18
5.676559e-16
4.635524e-22
3.741429e-19
2.174881e-14
2.032273e-20
2.747977e-06
5.670073e-18
7.166871e-23
5.670073e-18
1.993003e-25
7.606495e-18
5.042603e-10
4.760536e-17
2.585832e-18
3.459389e-20
1.030609e-16
9.457852e-19
1.302508e-19
1.565543e-11
9.283226e-18
2.747977e-06
4.767912e-15
2.532120e-22
3.459389e-20
4.380823e-23
2.256198e-19
1.291218e-12
7.809643e-21
6.230641e-18
4.153677e-18
6.230641e-18
7.501561e-25
1.614033e-19
7.120561e-15
4.165569e-20
6.617931e-12
1.565543e-11
4.159923e-07
7.166871e-23
4.760536e-17
1.481222e-21
1.408467e-14
6.379039e-19
2.373042e-09
6.230641e-18
4.340761e-19
4.767912e-15
1.451260e-26
1.627983e-19
7.444167e-22
5.153777e-27
8.519171e-20
6.801248e-23
2.304947e-10
9.541434e-17
2.754154e-25
4.159923e-07
2.377141e-11
4.494964e-13
1.621340e-15
4.159923e-07
5.664418e-25
1.083966e-17
3.459389e-20
1.279897e-15
1.538533e-20
1.993003e-25
5.042603e-10
5.042603e-10
1.408467e-14
2.902067e-21
2.532120e-22
5.153777e-27
2.304947e-10
2.373042e-09
1.302508e-19
8.111809e-20
1.397200e-27
5.042603e-10
5.676559e-16
3.269311e-21
2.860716e-24
3.896227e-09
5.670073e-18
2.256198e-19
2.671380e-15
1.406280e-12
3.634554e-21
3.269311e-21
1.775827e-22
2.747977e-06
1.268511e-21
4.494964e-13
1.627983e-19
1.633840e-18
2.860716e-24
4.340761e-19
1.954714e-17
7.444167e-22
1.083966e-17
9.294822e-21
1.954714e-17
7.606495e-18
1.621340e-15
4.380823e-23
2.747977e-06
1.451260e-26
5.670073e-18
9.541434e-17
5.158922e-20
7.222127e-26
1.760711e-18
1.181183e-15
1.535636e-25
3.634554e-21
2.902067e-21
5.898158e-10
1.884391e-14
4.159923e-07
1.406280e-12
5.898158e-10
8.584853e-23
1.775827e-22
4.217636e-24
1.092323e-20
3.350926e-14
2.414187e-17
2.747977e-06
4.159923e-07
9.283226e-18
5.565858e-20
3.460484e-20
4.380823e-23
1.879074e-21
9.304102e-14
1.924606e-18
7.809643e-21
5.042603e-10
8.265023e-08
9.457852e-19
1.406280e-12
1.406280e-12
5.153777e-27
4.159923e-07
4.153677e-18
2.240301e-16
2.304947e-10
3.459389e-20
5.412711e-12
1.481222e-21
4.153677e-18
1.165924e-19
3.083399e-17
4.635524e-22
2.747977e-06
2.373042e-09
4.165569e-20
9.541434e-17
5.412711e-12
2.191649e-17
3.741429e-19
5.898158e-10
1.251170e-08
1.535636e-25
1.538533e-20
4.340761e-19
2.747977e-06
1.167088e-12
2.373042e-09
7.120561e-15
8.583429e-19
9.457852e-19
3.202075e-13
1.172887e-22
1.268511e-21
1.565543e-11
1.879074e-21
2.373042e-09
3.147529e-22
2.377141e-11
8.265023e-08
2.747977e-06
1.165924e-19
1.954714e-17
7.120561e-15
1.291218e-12
2.191649e-17
7.166871e-23
7.638642e-14
4.760536e-17
9.530772e-22
3.202075e-13
4.159923e-07
8.583429e-19
4.494964e-13
2.373042e-09
7.120561e-15
1.165924e-19
7.501561e-25
4.165569e-20
1.397200e-27
4.153677e-18
5.412711e-12
7.809643e-21
7.937702e-24
2.747977e-06
1.092323e-20
1.408467e-14
3.634554e-21
2.519846e-21
8.265023e-08
4.340761e-19
7.809643e-21
1.251170e-08
1.766752e-13
2.377141e-11
1.627983e-19
9.530772e-22
4.159923e-07
1.268511e-21
2.532120e-22
3.202075e-13
9.551590e-14
3.460484e-20
2.747977e-06
1.167088e-12
9.551590e-14
3.202075e-13
1.251170e-08
8.584853e-23
1.766752e-13
5.153777e-27
5.358528e-19
4.767912e-15
3.867753e-16
2.377141e-11
5.898158e-10
3.238414e-16
2.414187e-17
1.292543e-16
2.860716e-24
5.412711e-12
4.165569e-20
7.120561e-15
5.188242e-15
3.202075e-13
1.565543e-11
2.747977e-06
2.377141e-11
1.565543e-11
7.937702e-24
4.153677e-18
5.042603e-10
4.217636e-24
7.444167e-22
3.459389e-20
6.617931e-12
1.181183e-15
9.294822e-21
8.265023e-08
6.126231e-24
1.660835e-24
3.896227e-09
8.265023e-08
7.166871e-23
4.217636e-24
3.202075e-13
3.238414e-16
5.565858e-20
8.265023e-08
5.153777e-27
9.530772e-22
4.967108e-19
3.083399e-17
5.188242e-15
1.954714e-17
2.377141e-11
9.530772e-22
2.304947e-10
8.584853e-23
2.369939e-12
5.042603e-10
2.532120e-22
8.111809e-20
1.406280e-12
7.794922e-22
3.460484e-20
2.671380e-15
4.159923e-07
3.147529e-22
3.896227e-09
2.902067e-21
5.042603e-10
6.132347e-17
2.373042e-09
2.191649e-17
3.896227e-09
3.238414e-16
1.251170e-08
2.747977e-06
5.358528e-19
6.808038e-16
6.230641e-18
3.273829e-22
5.042603e-10
4.494964e-13
1.633840e-18
4.767912e-15
4.153677e-18
5.898158e-10
2.373042e-09
6.808038e-16
4.760536e-17
1.627983e-19
1.167088e-12
2.240301e-16
7.222127e-26
9.530772e-22
1.709678e-23
4.340761e-19
4.494964e-13
6.801248e-23
1.535636e-25
8.265023e-08
2.304947e-10
1.621340e-15
4.159923e-07
4.217636e-24
5.153777e-27
4.165569e-20
1.918763e-26
1.565543e-11
3.896227e-09
5.412711e-12
1.775827e-22
2.191649e-17
5.412711e-12
2.373042e-09
2.519846e-21
1.766752e-13
8.265023e-08
6.617931e-12
4.153677e-18
5.158922e-20
6.617931e-12
7.876971e-21
1.766752e-13
1.291218e-12
1.451260e-26
4.217636e-24
4.153677e-18
2.902067e-21
1.172887e-22
7.638642e-14
1.843833e-23
1.083966e-17
4.767912e-15
9.541434e-17
1.627983e-19
3.459389e-20
2.304947e-10
8.265023e-08
2.256198e-19
6.126231e-24
1.067152e-24
5.565858e-20
1.172887e-22
1.251170e-08
1.760711e-18
5.676559e-16
4.159923e-07
3.489258e-11
2.191649e-17
4.159923e-07
3.202075e-13
1.660835e-24
4.380823e-23
2.519846e-21
4.159923e-07
3.269311e-21
3.202075e-13
5.676559e-16
2.747977e-06
6.126231e-24
8.584853e-23
1.565543e-11
5.412711e-12
2.240301e-16
7.638642e-14
