2.157226e-10
8.065502e-21
1.063372e-08
5.268088e-14
4.685210e-21
2.438292e-06
7.816385e-26
1.231502e-15
3.209226e-24
6.961793e-16
7.419003e-20
3.582470e-09
7.838846e-15
1.892510e-24
1.204898e-17
1.897355e-09
2.438292e-06
7.794969e-24
1.063372e-08
1.194878e-21
8.610174e-22
6.413578e-17
8.305240e-25
9.993067e-17
3.472895e-07
1.131685e-12
7.465848e-08
3.472895e-07
4.442495e-19
3.072568e-11
9.183096e-14
3.551902e-23
9.993067e-17
5.778569e-19
3.256550e-24
3.706324e-18
5.268088e-14
2.124221e-12
2.242573e-17
2.438292e-06
2.124221e-12
2.242573e-17
1.582801e-21
1.307962e-14
1.526655e-19
6.162191e-23
4.685210e-21
3.790209e-13
5.156728e-23
7.518905e-27
9.993067e-17
2.909978e-15
4.853198e-24
5.624416e-22
2.567260e-20
3.792842e-10
2.876040e-14
2.763650e-16
1.194878e-21
5.482327e-12
3.472895e-07
8.065502e-21
5.749249e-15
3.536769e-18
3.472895e-07
4.668492e-25
5.156728e-23
1.897355e-09
3.209226e-24
2.763650e-16
2.889119e-27
2.876040e-14
8.103371e-23
8.748628e-13
1.769255e-17
1.307962e-14
2.333772e-15
8.452178e-16
9.993067e-17
2.438292e-06
4.853198e-24
6.413578e-17
2.438292e-06
2.242573e-17
1.194878e-21
1.204898e-17
3.582470e-09
3.472895e-07
9.104411e-11
3.274878e-23
2.876809e-22
4.668492e-25
1.063372e-08
5.749249e-15
1.967385e-23
7.576688e-14
1.143404e-26
5.156728e-23
1.854229e-20
1.468553e-20
1.611876e-13
7.465848e-08
8.452178e-16
9.142857e-19
7.368173e-28
7.465848e-08
1.992147e-16
2.935661e-21
1.854229e-20
5.204319e-18
1.992147e-16
5.102564e-10
3.472895e-07
8.452178e-16
8.748628e-13
2.333772e-15
1.466996e-21
2.876809e-22
4.853198e-24
5.482327e-12
1.558746e-20
2.011814e-16
3.551902e-23
3.790209e-13
3.642095e-15
1.116498e-15
9.142857e-19
5.773850e-20
3.274878e-23
1.063372e-08
3.472895e-07
7.465848e-08
8.065502e-21
3.472895e-07
6.537042e-21
1.582801e-21
1.222561e-14
5.268088e-14
3.072568e-11
4.665248e-16
6.537042e-21
1.116498e-15
3.472895e-07
3.072568e-11
7.368173e-28
4.668492e-25
2.438292e-06
9.104411e-11
2.889119e-27
1.212958e-24
7.465848e-08
1.057417e-19
3.582470e-09
7.816385e-26
2.763650e-16
3.792842e-10
2.876040e-14
7.576688e-14
2.438292e-06
8.748628e-13
7.465848e-08
8.452178e-16
5.204319e-18
5.662725e-20
3.404446e-22
1.116498e-15
1.166795e-25
1.611876e-13
1.212958e-24
8.530251e-18
4.884405e-17
9.091254e-18
1.897355e-09
6.332986e-21
3.072568e-11
9.091254e-18
2.567260e-20
8.748628e-13
7.465848e-08
1.019968e-22
8.748628e-13
4.853198e-24
1.622136e-18
6.945884e-20
1.166795e-25
2.333772e-15
8.748628e-13
2.438292e-06
1.238749e-18
4.442495e-19
1.897355e-09
2.333772e-15
8.530251e-18
8.065502e-21
1.992147e-16
1.466996e-21
1.063372e-08
3.642095e-15
5.156728e-23
9.104411e-11
3.242675e-19
3.256550e-24
1.466996e-21
2.124221e-12
7.794969e-24
6.961793e-16
3.582470e-09
2.909978e-15
5.102564e-10
2.876809e-22
1.212958e-24
3.790209e-13
3.072568e-11
1.411165e-22
6.007194e-18
5.102564e-10
8.556133e-19
1.468553e-20
9.183096e-14
7.465848e-08
9.915783e-17
9.104411e-11
2.333772e-15
2.011814e-16
7.465848e-08
1.116498e-15
7.465848e-08
2.011814e-16
1.131685e-12
1.700116e-19
1.405708e-22
7.575839e-19
1.439113e-21
9.993067e-17
1.967385e-23
1.439113e-21
7.838846e-15
4.853198e-24
3.792842e-10
2.157226e-10
8.556133e-19
1.897355e-09
2.438292e-06
1.558746e-20
2.438292e-06
9.104411e-11
7.419003e-20
3.404446e-22
4.442495e-19
1.582801e-21
2.090430e-22
3.551902e-23
1.212958e-24
1.143404e-26
2.242573e-17
2.948222e-26
2.157226e-10
4.668492e-25
3.898452e-12
9.091254e-18
1.992147e-16
6.288252e-22
1.558746e-20
6.537042e-21
2.909978e-15
7.368173e-28
9.142857e-19
1.558746e-20
3.982334e-17
3.404446e-22
5.102564e-10
1.819986e-11
7.368173e-28
6.413578e-17
5.482327e-12
1.405708e-22
1.526580e-17
1.063372e-08
2.438292e-06
7.576688e-14
1.897355e-09
7.419003e-20
1.897355e-09
5.624416e-22
1.622944e-14
7.419003e-20
1.892510e-24
3.064866e-25
3.982334e-17
3.582470e-09
3.945444e-20
1.143404e-26
4.665248e-16
1.405708e-22
7.576688e-14
2.242573e-17
1.854570e-25
1.468553e-20
2.909978e-15
3.007509e-19
2.438292e-06
5.749249e-15
1.095926e-12
8.065502e-21
8.748628e-13
2.763650e-16
6.537042e-21
7.575839e-19
2.090430e-22
1.854570e-25
3.051808e-20
3.898452e-12
2.935661e-21
1.914298e-18
7.638702e-25
3.051808e-20
3.274878e-23
1.854229e-20
6.332986e-21
1.769255e-17
3.582470e-09
6.961793e-16
1.622944e-14
2.124221e-12
2.438292e-06
1.967385e-23
6.961793e-16
4.668492e-25
3.551902e-23
2.438292e-06
1.194878e-21
8.230500e-20
5.778569e-19
1.116498e-15
1.466996e-21
3.072568e-11
3.792842e-10
7.575839e-19
7.465848e-08
1.897355e-09
1.288819e-23
1.063372e-08
7.838846e-15
3.064866e-25
3.642095e-15
5.268088e-14
3.242675e-19
1.019968e-22
2.438292e-06
1.526655e-19
9.142857e-19
3.472895e-07
2.011814e-16
8.530251e-18
7.576688e-14
6.288252e-22
4.884405e-17
1.854229e-20
1.526580e-17
2.438292e-06
9.104411e-11
3.706324e-18
7.794969e-24
2.242573e-17
7.368173e-28
2.438292e-06
2.909978e-15
6.288252e-22
4.668492e-25
3.790209e-13
2.280021e-21
8.530251e-18
3.898452e-12
5.156728e-23
1.204898e-17
7.638702e-25
1.063372e-08
1.892510e-24
2.438292e-06
3.274878e-23
3.706324e-18
2.347498e-13
2.347498e-13
1.854229e-20
3.051808e-20
1.854570e-25
7.368173e-28
6.332986e-21
1.222561e-14
2.438292e-06
3.256550e-24
2.876809e-22
2.909978e-15
1.307962e-14
4.574903e-26
6.413578e-17
3.982334e-17
3.404446e-22
1.166795e-25
5.204319e-18
1.854229e-20
7.638702e-25
1.095926e-12
1.405708e-22
3.472895e-07
1.057417e-19
1.700116e-19
1.611876e-13
2.889119e-27
7.518905e-27
2.876040e-14
3.242675e-19
5.778569e-19
1.892510e-24
2.438292e-06
3.472895e-07
8.530251e-18
4.668492e-25
3.274878e-23
1.622944e-14
3.274878e-23
5.268088e-14
9.104411e-11
3.999374e-22
5.204319e-18
1.411165e-22
9.104411e-11
1.382875e-23
1.222561e-14
6.537042e-21
1.526580e-17
1.819986e-11
3.472895e-07
2.285071e-19
4.574903e-26
5.102564e-10
2.242573e-17
7.368173e-28
5.102564e-10
1.622944e-14
1.854570e-25
1.204898e-17
5.268088e-14
3.617367e-21
5.482327e-12
1.466996e-21
1.057417e-19
7.576688e-14
3.064866e-25
2.347498e-13
1.405708e-22
2.347498e-13
7.465848e-08
1.700116e-19
2.438292e-06
3.790209e-13
2.124221e-12
3.472895e-07
3.051808e-20
3.051808e-20
3.072568e-11
7.465848e-08
9.391072e-21
2.157226e-10
7.419003e-20
4.665248e-16
9.391072e-21
1.582801e-21
1.854570e-25
3.274878e-23
3.536769e-18
1.466996e-21
3.472895e-07
2.242573e-17
5.102564e-10
1.288819e-23
3.792842e-10
2.567260e-20
2.333772e-15
5.102564e-10
3.472895e-07
3.064866e-25
1.700116e-19
8.748628e-13
1.468553e-20
2.763650e-16
3.472895e-07
1.897355e-09
4.884405e-17
2.124221e-12
5.204319e-18
1.491399e-11
1.897355e-09
7.576688e-14
1.854229e-20
1.063372e-08
3.898452e-12
7.838846e-15
7.838846e-15
1.238749e-18
3.536769e-18
1.405708e-22
2.763650e-16
6.007194e-18
2.876809e-22
2.763650e-16
3.790209e-13
6.945884e-20
2.876040e-14
3.792842e-10
7.518905e-27
3.642095e-15
2.438292e-06
9.091254e-18
3.945444e-20
2.567260e-20
6.162191e-23
3.256550e-24
1.992147e-16
7.518905e-27
9.183096e-14
1.288819e-23
1.194878e-21
5.778569e-19
5.482327e-12
2.876809e-22
1.914298e-18
3.642095e-15
1.131685e-12
7.838846e-15
1.307962e-14
1.558746e-20
6.413578e-17
4.884405e-17
9.104411e-11
5.102564e-10
1.622136e-18
9.091254e-18
2.333772e-15
5.204319e-18
8.610174e-22
2.438292e-06
1.558746e-20
5.624416e-22
5.482327e-12
1.854229e-20
4.574903e-26
2.124221e-12
1.967385e-23
6.162191e-23
2.157226e-10
2.438292e-06
2.347498e-13
2.876809e-22
9.142857e-19
6.162191e-23
1.897355e-09
2.889119e-27
5.268088e-14
3.617367e-21
3.472895e-07
5.204319e-18
1.095926e-12
1.131685e-12
1.914298e-18
3.706324e-18
5.624416e-22
1.019968e-22
3.898452e-12
3.274878e-23
1.611876e-13
9.993067e-17
8.452178e-16
6.382897e-17
3.472895e-07
5.268088e-14
1.204898e-17
7.816385e-26
3.790209e-13
5.773850e-20
3.898452e-12
4.853198e-24
2.935661e-21
6.537042e-21
1.116498e-15
6.288252e-22
5.102564e-10
3.582470e-09
1.526580e-17
1.622944e-14
3.790209e-13
2.347498e-13
2.090430e-22
5.482327e-12
2.438292e-06
6.382897e-17
2.909978e-15
5.773850e-20
3.242675e-19
9.104411e-11
2.124221e-12
3.582470e-09
1.897355e-09
2.438292e-06
3.242675e-19
1.063372e-08
9.183096e-14
3.706324e-18
3.072568e-11
3.790209e-13
3.706324e-18
4.665248e-16
3.404446e-22
3.242675e-19
1.622944e-14
1.558746e-20
2.438292e-06
6.007194e-18
6.162191e-23
6.007194e-18
1.166795e-25
5.204319e-18
3.792842e-10
3.982334e-17
1.914298e-18
3.051808e-20
9.915783e-17
7.575839e-19
7.419003e-20
1.491399e-11
9.091254e-18
2.438292e-06
2.909978e-15
1.405708e-22
3.051808e-20
3.274878e-23
1.700116e-19
8.748628e-13
8.065502e-21
3.706324e-18
3.536769e-18
3.706324e-18
4.668492e-25
1.057417e-19
5.749249e-15
2.567260e-20
5.482327e-12
1.491399e-11
3.472895e-07
6.162191e-23
3.982334e-17
1.439113e-21
1.307962e-14
4.442495e-19
1.897355e-09
3.706324e-18
2.285071e-19
2.909978e-15
7.518905e-27
1.526655e-19
6.288252e-22
2.889119e-27
6.945884e-20
3.551902e-23
2.157226e-10
6.413578e-17
1.854570e-25
3.472895e-07
1.819986e-11
3.790209e-13
1.231502e-15
3.472895e-07
3.064866e-25
8.530251e-18
3.051808e-20
8.452178e-16
1.468553e-20
1.166795e-25
3.792842e-10
3.792842e-10
1.307962e-14
1.582801e-21
1.405708e-22
2.889119e-27
2.157226e-10
1.897355e-09
7.419003e-20
8.230500e-20
7.368173e-28
3.792842e-10
4.665248e-16
2.935661e-21
1.892510e-24
3.582470e-09
6.007194e-18
1.700116e-19
2.333772e-15
1.095926e-12
2.280021e-21
2.935661e-21
1.411165e-22
2.438292e-06
8.610174e-22
3.790209e-13
1.526655e-19
9.142857e-19
1.892510e-24
2.285071e-19
1.769255e-17
6.288252e-22
8.530251e-18
4.685210e-21
1.769255e-17
5.204319e-18
1.231502e-15
3.274878e-23
2.438292e-06
7.518905e-27
6.007194e-18
6.413578e-17
5.662725e-20
4.574903e-26
1.622136e-18
1.116498e-15
7.816385e-26
2.280021e-21
1.582801e-21
5.102564e-10
1.222561e-14
3.472895e-07
1.095926e-12
5.102564e-10
5.156728e-23
1.411165e-22
3.209226e-24
6.332986e-21
2.876040e-14
1.526580e-17
2.438292e-06
3.472895e-07
9.091254e-18
3.945444e-20
1.854229e-20
3.274878e-23
1.466996e-21
9.183096e-14
1.238749e-18
8.065502e-21
3.792842e-10
7.465848e-08
7.575839e-19
1.095926e-12
1.095926e-12
2.889119e-27
3.472895e-07
3.536769e-18
1.992147e-16
2.157226e-10
3.051808e-20
3.898452e-12
1.439113e-21
3.536769e-18
5.773850e-20
2.242573e-17
3.404446e-22
2.438292e-06
1.897355e-09
2.567260e-20
6.413578e-17
3.898452e-12
1.204898e-17
3.242675e-19
5.102564e-10
1.063372e-08
7.816385e-26
1.468553e-20
2.285071e-19
2.438292e-06
1.131685e-12
1.897355e-09
5.749249e-15
8.556133e-19
7.575839e-19
2.347498e-13
8.103371e-23
8.610174e-22
1.491399e-11
1.466996e-21
1.897355e-09
2.876809e-22
1.819986e-11
7.465848e-08
2.438292e-06
5.773850e-20
1.769255e-17
5.749249e-15
8.748628e-13
1.204898e-17
6.162191e-23
5.268088e-14
3.982334e-17
5.624416e-22
2.347498e-13
3.472895e-07
8.556133e-19
3.790209e-13
1.897355e-09
5.749249e-15
5.773850e-20
4.668492e-25
2.567260e-20
7.368173e-28
3.536769e-18
3.898452e-12
8.065502e-21
4.853198e-24
2.438292e-06
6.332986e-21
1.307962e-14
2.280021e-21
1.194878e-21
7.465848e-08
2.285071e-19
8.065502e-21
1.063372e-08
1.611876e-13
1.819986e-11
1.526655e-19
5.624416e-22
3.472895e-07
8.610174e-22
1.405708e-22
2.347498e-13
7.576688e-14
1.854229e-20
2.438292e-06
1.131685e-12
7.576688e-14
2.347498e-13
1.063372e-08
5.156728e-23
1.611876e-13
2.889119e-27
5.778569e-19
2.909978e-15
2.763650e-16
1.819986e-11
5.102564e-10
2.011814e-16
1.526580e-17
9.993067e-17
1.892510e-24
3.898452e-12
2.567260e-20
5.749249e-15
3.642095e-15
2.347498e-13
1.491399e-11
2.438292e-06
1.819986e-11
1.491399e-11
4.853198e-24
3.536769e-18
3.792842e-10
3.209226e-24
6.288252e-22
3.051808e-20
5.482327e-12
1.116498e-15
4.685210e-21
7.465848e-08
3.256550e-24
8.305240e-25
3.582470e-09
7.465848e-08
6.162191e-23
3.209226e-24
2.347498e-13
2.011814e-16
3.945444e-20
7.465848e-08
2.889119e-27
5.624416e-22
3.007509e-19
2.242573e-17
3.642095e-15
1.769255e-17
1.819986e-11
5.624416e-22
2.157226e-10
5.156728e-23
2.124221e-12
3.792842e-10
1.405708e-22
8.230500e-20
1.095926e-12
3.999374e-22
1.854229e-20
2.333772e-15
3.472895e-07
2.876809e-22
3.582470e-09
1.582801e-21
3.792842e-10
6.382897e-17
1.897355e-09
1.204898e-17
3.582470e-09
2.011814e-16
1.063372e-08
2.438292e-06
5.778569e-19
6.961793e-16
3.706324e-18
2.090430e-22
3.792842e-10
3.790209e-13
9.142857e-19
2.909978e-15
3.536769e-18
5.102564e-10
1.897355e-09
6.961793e-16
3.982334e-17
1.526655e-19
1.131685e-12
1.992147e-16
4.574903e-26
5.624416e-22
1.382875e-23
2.285071e-19
3.790209e-13
3.551902e-23
7.816385e-26
7.465848e-08
2.157226e-10
1.231502e-15
3.472895e-07
3.209226e-24
2.889119e-27
2.567260e-20
1.143404e-26
1.491399e-11
3.582470e-09
3.898452e-12
1.411165e-22
1.204898e-17
3.898452e-12
1.897355e-09
1.194878e-21
1.611876e-13
7.465848e-08
5.482327e-12
3.536769e-18
5.662725e-20
5.482327e-12
6.537042e-21
1.611876e-13
8.748628e-13
7.518905e-27
3.209226e-24
3.536769e-18
1.582801e-21
8.103371e-23
5.268088e-14
9.058482e-24
8.530251e-18
2.909978e-15
6.413578e-17
1.526655e-19
3.051808e-20
2.157226e-10
7.465848e-08
1.700116e-19
3.256550e-24
7.638702e-25
3.945444e-20
8.103371e-23
1.063372e-08
1.622136e-18
4.665248e-16
3.472895e-07
3.072568e-11
1.204898e-17
3.472895e-07
2.347498e-13
8.305240e-25
3.274878e-23
1.194878e-21
3.472895e-07
2.935661e-21
2.347498e-13
4.665248e-16
2.438292e-06
3.256550e-24
5.156728e-23
1.491399e-11
3.898452e-12
1.992147e-16
5.268088e-14
