chefs_needed     : [1, 1, 1, 1, 1, 1, 1, 0, 0, 0, 0, 0, 0, 0, 1, 1, 1, 1, 1, 1, 0, 0, 0, 0, 0, 0, 0, 0]
chefs_timetable  : [0, 3, 3, 0, 3, 3, 1, 3, 0, 1, 3, 1, 1, 0, 1, 1, 0, 1, 0, 0, 0]
waiters_needed     : [1, 1, 1, 1, 1, 1, 1, 0, 0, 1, 2, 2, 3, 2, 1, 1, 1, 1, 1, 1, 0, 0, 0, 1, 2, 3, 3, 0]
waiters_timetable  : [3, 3, 3, 5, 5, 0, 0, 0, 0, 5, 5, 5, 3, 5, 1, 0, 0, 3, 5, 1, 5, 0, 0, 0, 0, 3, 5, 1, 0, 0, 0, 0, 1, 5, 1, 1, 1, 1, 1, 0, 5, 0]

----------
Finished in 51s 370msec


chefs_needed     : [1, 1, 1, 1, 1, 1, 1, 0, 0, 0, 0, 0, 0, 0, 1, 1, 1, 1, 1, 1, 0, 0, 0, 0, 0, 0, 0, 0]
chefs_timetable  : [1, 0, 0, 3, 3, 1, 1, 0, 3, 1, 1, 1, 3, 0, 3, 1, 3, 0, 0, 0, 0]
waiters_needed     : [1, 1, 1, 1, 1, 1, 1, 0, 0, 1, 2, 2, 3, 2, 1, 1, 1, 1, 1, 1, 0, 0, 0, 1, 2, 3, 3, 0]
waiters_timetable  : [3, 3, 3, 5, 5, 0, 0, 0, 0, 5, 5, 5, 3, 5, 1, 0, 0, 3, 5, 1, 5, 0, 0, 0, 0, 3, 5, 1, 0, 0, 0, 0, 1, 5, 1, 1, 1, 1, 1, 0, 5, 0]

----------
Finished in 2m 36s

Finished in 2m 23s


