# Created by Octave 4.2.2, Mon Sep 28 11:24:38 2020 CEST <david@david-Lenovo-ideapad-520-15IKB>
# name: w
# type: matrix
# rows: 1281
# columns: 2
 -1.9e+06 1.9e+06
 -2.592e+08 2.592e+08
 -5.207e+08 5.207e+08
 7.94e+07 -7.94e+07
 -3.421e+08 3.421e+08
 4.654e+08 -4.654e+08
 9.487e+06 -9.487e+06
 1.437e+09 -1.437e+09
 1.089e+09 -1.089e+09
 7.538e+08 -7.538e+08
 7.913e+08 -7.913e+08
 -7.321e+08 7.321e+08
 -3.28e+08 3.28e+08
 -3.99e+08 3.99e+08
 2.484e+08 -2.484e+08
 3.384e+08 -3.384e+08
 6.122e+08 -6.122e+08
 2.918e+08 -2.918e+08
 -6.492e+07 6.492e+07
 4.7e+08 -4.7e+08
 9.947e+06 -9.947e+06
 -2.787e+08 2.787e+08
 -2.798e+08 2.798e+08
 -5.498e+08 5.498e+08
 5.075e+08 -5.075e+08
 -1.336e+08 1.336e+08
 -9.861e+07 9.861e+07
 -2.972e+08 2.972e+08
 7.326e+07 -7.326e+07
 3.097e+08 -3.097e+08
 -2.633e+08 2.633e+08
 -2.803e+08 2.803e+08
 1.248e+09 -1.248e+09
 -2.118e+08 2.118e+08
 -7.261e+08 7.261e+08
 2.276e+08 -2.276e+08
 -1.014e+08 1.014e+08
 -1.39e+08 1.39e+08
 -9.245e+08 9.245e+08
 1.057e+09 -1.057e+09
 -3.943e+07 3.943e+07
 -5.06e+08 5.06e+08
 -1.213e+08 1.213e+08
 1.265e+08 -1.265e+08
 -6.843e+08 6.843e+08
 -4.038e+08 4.038e+08
 2.331e+07 -2.331e+07
 -1.317e+08 1.317e+08
 1.668e+08 -1.668e+08
 -4.776e+08 4.776e+08
 -3.198e+08 3.198e+08
 1.378e+08 -1.378e+08
 -2.125e+08 2.125e+08
 2.865e+08 -2.865e+08
 1.006e+09 -1.006e+09
 2.71e+08 -2.71e+08
 -5.787e+08 5.787e+08
 4.693e+08 -4.693e+08
 1.392e+08 -1.392e+08
 -3.066e+08 3.066e+08
 -3.754e+08 3.754e+08
 1.461e+07 -1.461e+07
 2.287e+08 -2.287e+08
 -7.432e+08 7.432e+08
 -7.26e+08 7.26e+08
 -1.75e+08 1.75e+08
 -4.759e+07 4.759e+07
 6.593e+07 -6.593e+07
 1.052e+08 -1.052e+08
 1.166e+09 -1.166e+09
 4.486e+08 -4.486e+08
 1.436e+07 -1.436e+07
 2.018e+08 -2.018e+08
 -2.995e+08 2.995e+08
 3.123e+08 -3.123e+08
 -2.143e+08 2.143e+08
 8.115e+08 -8.115e+08
 7.118e+08 -7.118e+08
 4.662e+08 -4.662e+08
 3.579e+08 -3.579e+08
 -1.561e+07 1.561e+07
 1.852e+08 -1.852e+08
 6.138e+07 -6.138e+07
 1.288e+08 -1.288e+08
 3.826e+07 -3.826e+07
 3.211e+08 -3.211e+08
 8.422e+07 -8.422e+07
 1.353e+08 -1.353e+08
 -7.957e+08 7.957e+08
 1.244e+07 -1.244e+07
 -5.716e+08 5.716e+08
 -8.271e+07 8.271e+07
 1.433e+07 -1.433e+07
 -5.864e+06 5.864e+06
 -2.001e+08 2.001e+08
 5.197e+08 -5.197e+08
 -1.639e+08 1.639e+08
 -1.377e+07 1.377e+07
 -1.113e+08 1.113e+08
 2.122e+07 -2.122e+07
 -3.895e+07 3.895e+07
 1.758e+08 -1.758e+08
 -7.413e+07 7.413e+07
 -3.455e+08 3.455e+08
 -6.75e+08 6.75e+08
 7.297e+08 -7.297e+08
 2.616e+08 -2.616e+08
 -2.357e+08 2.357e+08
 5.855e+07 -5.855e+07
 2.761e+07 -2.761e+07
 -6.088e+08 6.088e+08
 -4.25e+08 4.25e+08
 2.071e+08 -2.071e+08
 1.266e+08 -1.266e+08
 -7.257e+08 7.257e+08
 -3.649e+08 3.649e+08
 3.635e+08 -3.635e+08
 -9.22e+07 9.22e+07
 -2.39e+08 2.39e+08
 -3.286e+08 3.286e+08
 2.203e+08 -2.203e+08
 2.989e+08 -2.989e+08
 4.897e+07 -4.897e+07
 4.963e+08 -4.963e+08
 2.612e+08 -2.612e+08
 -1.71e+08 1.71e+08
 2.846e+08 -2.846e+08
 3.076e+08 -3.076e+08
 9.299e+07 -9.299e+07
 1.181e+08 -1.181e+08
 2.901e+08 -2.901e+08
 4.002e+08 -4.002e+08
 6.829e+07 -6.829e+07
 -3.883e+08 3.883e+08
 1.436e+08 -1.436e+08
 3.794e+07 -3.794e+07
 -1.775e+08 1.775e+08
 -4.639e+07 4.639e+07
 -1.104e+08 1.104e+08
 1.149e+08 -1.149e+08
 2.249e+08 -2.249e+08
 1.14e+08 -1.14e+08
 -4.382e+07 4.382e+07
 -3.198e+08 3.198e+08
 -7.652e+08 7.652e+08
 -5.255e+08 5.255e+08
 3.375e+08 -3.375e+08
 3.413e+08 -3.413e+08
 4.971e+08 -4.971e+08
 1.749e+08 -1.749e+08
 1.135e+09 -1.135e+09
 -4.058e+06 4.058e+06
 4.647e+08 -4.647e+08
 6.206e+08 -6.206e+08
 5.768e+08 -5.768e+08
 1.388e+08 -1.388e+08
 -3.294e+08 3.294e+08
 -1.301e+07 1.301e+07
 -1.062e+08 1.062e+08
 -5.198e+08 5.198e+08
 -3.792e+07 3.792e+07
 2.775e+08 -2.775e+08
 -1.659e+09 1.659e+09
 -2.399e+08 2.399e+08
 -2.217e+08 2.217e+08
 -3.613e+08 3.613e+08
 -3.056e+08 3.056e+08
 -3.718e+08 3.718e+08
 -9.843e+07 9.843e+07
 -1.968e+08 1.968e+08
 -7.567e+07 7.567e+07
 1.152e+07 -1.152e+07
 1.033e+09 -1.033e+09
 1.07e+08 -1.07e+08
 -1.319e+08 1.319e+08
 1.42e+08 -1.42e+08
 1.784e+08 -1.784e+08
 1.316e+08 -1.316e+08
 3.719e+05 -3.719e+05
 3.239e+08 -3.239e+08
 3.574e+08 -3.574e+08
 -4.473e+08 4.473e+08
 -2.892e+08 2.892e+08
 -2.371e+08 2.371e+08
 1.282e+08 -1.282e+08
 2.669e+08 -2.669e+08
 2.181e+08 -2.181e+08
 -6.813e+08 6.813e+08
 -6.547e+08 6.547e+08
 -3.226e+08 3.226e+08
 3.599e+08 -3.599e+08
 -2.166e+08 2.166e+08
 -4.602e+07 4.602e+07
 6.394e+07 -6.394e+07
 4.275e+07 -4.275e+07
 2.101e+08 -2.101e+08
 -3.202e+08 3.202e+08
 4.922e+08 -4.922e+08
 7.911e+08 -7.911e+08
 -3.43e+08 3.43e+08
 -4.032e+08 4.032e+08
 -4.099e+08 4.099e+08
 3.744e+08 -3.744e+08
 1.511e+08 -1.511e+08
 -1.073e+08 1.073e+08
 -2.193e+08 2.193e+08
 -7.909e+07 7.909e+07
 -1.759e+08 1.759e+08
 -3.893e+08 3.893e+08
 3.598e+08 -3.598e+08
 -7.932e+08 7.932e+08
 -6.221e+07 6.221e+07
 -4.923e+08 4.923e+08
 -2.701e+08 2.701e+08
 3.279e+08 -3.279e+08
 -7.405e+08 7.405e+08
 -3.786e+07 3.786e+07
 -5.855e+08 5.855e+08
 1.763e+08 -1.763e+08
 -4.044e+08 4.044e+08
 -9.745e+08 9.745e+08
 3.08e+08 -3.08e+08
 9.437e+07 -9.437e+07
 3.19e+08 -3.19e+08
 -1.973e+08 1.973e+08
 -1.596e+06 1.596e+06
 1.68e+08 -1.68e+08
 3.991e+08 -3.991e+08
 5.191e+08 -5.191e+08
 8.46e+07 -8.46e+07
 -2.743e+08 2.743e+08
 1.218e+09 -1.218e+09
 -4.859e+08 4.859e+08
 -2.192e+08 2.192e+08
 -2.085e+08 2.085e+08
 -3.761e+08 3.761e+08
 2.971e+08 -2.971e+08
 3.977e+07 -3.977e+07
 -3.902e+08 3.902e+08
 -4.065e+08 4.065e+08
 -4.39e+07 4.39e+07
 2.847e+08 -2.847e+08
 -1.008e+08 1.008e+08
 2.158e+08 -2.158e+08
 -6.687e+08 6.687e+08
 -5.545e+08 5.545e+08
 2.153e+07 -2.153e+07
 -4.758e+07 4.758e+07
 -1.922e+08 1.922e+08
 -8.126e+07 8.126e+07
 1.684e+08 -1.684e+08
 -1.778e+08 1.778e+08
 1.328e+08 -1.328e+08
 -6.211e+08 6.211e+08
 1.58e+07 -1.58e+07
 -3.247e+08 3.247e+08
 -2.324e+08 2.324e+08
 -7.284e+08 7.284e+08
 4.191e+08 -4.191e+08
 1.785e+08 -1.785e+08
 3.504e+08 -3.504e+08
 2.916e+08 -2.916e+08
 8.085e+07 -8.085e+07
 3.772e+06 -3.772e+06
 -8.97e+07 8.97e+07
 1.167e+08 -1.167e+08
 -7.038e+08 7.038e+08
 -5.415e+08 5.415e+08
 -3.83e+08 3.83e+08
 3.653e+08 -3.653e+08
 4.056e+08 -4.056e+08
 -2.961e+08 2.961e+08
 -8.764e+08 8.764e+08
 -1.658e+07 1.658e+07
 8.512e+08 -8.512e+08
 3.606e+07 -3.606e+07
 -5.492e+08 5.492e+08
 -5.684e+08 5.684e+08
 -4.981e+08 4.981e+08
 -1.413e+08 1.413e+08
 -1.807e+08 1.807e+08
 5.143e+08 -5.143e+08
 -3.334e+08 3.334e+08
 -1.201e+08 1.201e+08
 -4.988e+07 4.988e+07
 -7.406e+08 7.406e+08
 2.45e+08 -2.45e+08
 4.275e+08 -4.275e+08
 5.431e+07 -5.431e+07
 -4.852e+08 4.852e+08
 -6.481e+08 6.481e+08
 5.063e+08 -5.063e+08
 6.626e+07 -6.626e+07
 1.847e+08 -1.847e+08
 -6.621e+07 6.621e+07
 -1.866e+08 1.866e+08
 6.464e+08 -6.464e+08
 3.464e+08 -3.464e+08
 -6.518e+08 6.518e+08
 -6.437e+08 6.437e+08
 4.34e+08 -4.34e+08
 1.965e+08 -1.965e+08
 -3.914e+07 3.914e+07
 -2.024e+08 2.024e+08
 -5.787e+08 5.787e+08
 -4.458e+06 4.458e+06
 -4.071e+08 4.071e+08
 6.9e+08 -6.9e+08
 6.216e+08 -6.216e+08
 1.184e+08 -1.184e+08
 1.907e+08 -1.907e+08
 1.842e+07 -1.842e+07
 -4.023e+08 4.023e+08
 -3.909e+08 3.909e+08
 -1.124e+08 1.124e+08
 -1.387e+09 1.387e+09
 2.205e+08 -2.205e+08
 6.256e+08 -6.256e+08
 3.418e+08 -3.418e+08
 -2.214e+07 2.214e+07
 6.223e+07 -6.223e+07
 -3.053e+08 3.053e+08
 -1.087e+07 1.087e+07
 3.633e+08 -3.633e+08
 -4.427e+07 4.427e+07
 -3.435e+08 3.435e+08
 3.403e+08 -3.403e+08
 -5.479e+06 5.479e+06
 -7.618e+08 7.618e+08
 -5.56e+08 5.56e+08
 -9.979e+07 9.979e+07
 3.637e+07 -3.637e+07
 -1.608e+08 1.608e+08
 -4.001e+07 4.001e+07
 8.056e+08 -8.056e+08
 -6.23e+08 6.23e+08
 8.025e+07 -8.025e+07
 4.793e+08 -4.793e+08
 -7.261e+08 7.261e+08
 1.979e+06 -1.979e+06
 1.852e+08 -1.852e+08
 -4.117e+08 4.117e+08
 1.286e+06 -1.286e+06
 5.342e+08 -5.342e+08
 2.383e+08 -2.383e+08
 2.624e+07 -2.624e+07
 -2.956e+08 2.956e+08
 2.989e+08 -2.989e+08
 8.414e+08 -8.414e+08
 8.207e+07 -8.207e+07
 6.079e+05 -6.079e+05
 2.499e+08 -2.499e+08
 -5.212e+07 5.212e+07
 -5.401e+07 5.401e+07
 -4.488e+08 4.488e+08
 -9.588e+07 9.588e+07
 -3.994e+08 3.994e+08
 -1.266e+08 1.266e+08
 1.806e+08 -1.806e+08
 -7.619e+08 7.619e+08
 7.03e+07 -7.03e+07
 -1.756e+08 1.756e+08
 -5.957e+08 5.957e+08
 -1.838e+08 1.838e+08
 1.699e+08 -1.699e+08
 -2.279e+07 2.279e+07
 4.171e+08 -4.171e+08
 -2.317e+08 2.317e+08
 -2.271e+08 2.271e+08
 -2.521e+08 2.521e+08
 9.607e+08 -9.607e+08
 -1.197e+08 1.197e+08
 1.38e+08 -1.38e+08
 -9.771e+07 9.771e+07
 -6.341e+07 6.341e+07
 4.207e+08 -4.207e+08
 4.944e+08 -4.944e+08
 1.711e+08 -1.711e+08
 -7.354e+08 7.354e+08
 -5.635e+08 5.635e+08
 3.356e+08 -3.356e+08
 -7.798e+06 7.798e+06
 2.485e+08 -2.485e+08
 -3.568e+08 3.568e+08
 7.413e+07 -7.413e+07
 -1.948e+08 1.948e+08
 -9.311e+07 9.311e+07
 -9.254e+08 9.254e+08
 1.869e+08 -1.869e+08
 -2.682e+08 2.682e+08
 3.382e+08 -3.382e+08
 -5.08e+08 5.08e+08
 1.763e+08 -1.763e+08
 7.951e+08 -7.951e+08
 -2.347e+08 2.347e+08
 5.311e+08 -5.311e+08
 -4.35e+08 4.35e+08
 2.857e+08 -2.857e+08
 3.181e+08 -3.181e+08
 -2.044e+08 2.044e+08
 3.432e+08 -3.432e+08
 -8.613e+08 8.613e+08
 -6.144e+08 6.144e+08
 -8.824e+08 8.824e+08
 1.145e+08 -1.145e+08
 -4.996e+08 4.996e+08
 -1.87e+07 1.87e+07
 -6.505e+08 6.505e+08
 5.284e+08 -5.284e+08
 -1.513e+08 1.513e+08
 -9.268e+07 9.268e+07
 -2.131e+08 2.131e+08
 -1.365e+08 1.365e+08
 7.765e+07 -7.765e+07
 -1.451e+08 1.451e+08
 -2.826e+08 2.826e+08
 7.433e+08 -7.433e+08
 -4.235e+08 4.235e+08
 -3.97e+08 3.97e+08
 2.445e+08 -2.445e+08
 -1.21e+08 1.21e+08
 4.969e+08 -4.969e+08
 -2.481e+08 2.481e+08
 -6.296e+08 6.296e+08
 -1.472e+08 1.472e+08
 6.091e+08 -6.091e+08
 -8.625e+07 8.625e+07
 -2.322e+08 2.322e+08
 -3.846e+08 3.846e+08
 -6.83e+08 6.83e+08
 6.89e+07 -6.89e+07
 4.626e+08 -4.626e+08
 -4.882e+08 4.882e+08
 -2.389e+07 2.389e+07
 1.093e+08 -1.093e+08
 -2.028e+06 2.028e+06
 6.874e+08 -6.874e+08
 -3.447e+08 3.447e+08
 2.116e+08 -2.116e+08
 -2.527e+07 2.527e+07
 -3.773e+08 3.773e+08
 -2.685e+08 2.685e+08
 -8.096e+08 8.096e+08
 3.83e+08 -3.83e+08
 -2.514e+08 2.514e+08
 -2.602e+08 2.602e+08
 -3.645e+06 3.645e+06
 -1.493e+08 1.493e+08
 4.753e+08 -4.753e+08
 1.75e+08 -1.75e+08
 -1.801e+08 1.801e+08
 3.312e+08 -3.312e+08
 -1.245e+08 1.245e+08
 1.085e+07 -1.085e+07
 4.373e+08 -4.373e+08
 -5.324e+08 5.324e+08
 3.95e+07 -3.95e+07
 -1.327e+08 1.327e+08
 -3.003e+08 3.003e+08
 -3.116e+08 3.116e+08
 -2.338e+08 2.338e+08
 7.263e+08 -7.263e+08
 3.422e+08 -3.422e+08
 -1.929e+08 1.929e+08
 -4.308e+08 4.308e+08
 -5.242e+08 5.242e+08
 -7.752e+07 7.752e+07
 -1.177e+08 1.177e+08
 -1.264e+08 1.264e+08
 5.131e+07 -5.131e+07
 4.867e+08 -4.867e+08
 5.794e+08 -5.794e+08
 1.364e+08 -1.364e+08
 1.837e+07 -1.837e+07
 3.291e+08 -3.291e+08
 1.601e+08 -1.601e+08
 -1.11e+09 1.11e+09
 -1.889e+08 1.889e+08
 7.486e+08 -7.486e+08
 -5.479e+07 5.479e+07
 2.249e+08 -2.249e+08
 -4.479e+08 4.479e+08
 -3.411e+08 3.411e+08
 -4.086e+08 4.086e+08
 -2.184e+08 2.184e+08
 -8.859e+07 8.859e+07
 -7.151e+07 7.151e+07
 -3.795e+08 3.795e+08
 8.093e+07 -8.093e+07
 5.675e+08 -5.675e+08
 -5.71e+07 5.71e+07
 6.981e+07 -6.981e+07
 -1.59e+08 1.59e+08
 -1.667e+08 1.667e+08
 2.648e+08 -2.648e+08
 -8.892e+08 8.892e+08
 -1.006e+08 1.006e+08
 6.685e+08 -6.685e+08
 -3.138e+08 3.138e+08
 -1.493e+08 1.493e+08
 -2.112e+08 2.112e+08
 3.107e+08 -3.107e+08
 2.089e+08 -2.089e+08
 1.726e+08 -1.726e+08
 -1.35e+08 1.35e+08
 1.162e+08 -1.162e+08
 1.553e+08 -1.553e+08
 -8.914e+08 8.914e+08
 5.27e+08 -5.27e+08
 1.778e+08 -1.778e+08
 -5.423e+08 5.423e+08
 -1.904e+08 1.904e+08
 -3.076e+08 3.076e+08
 3.556e+08 -3.556e+08
 1.718e+08 -1.718e+08
 -1.89e+08 1.89e+08
 2.163e+08 -2.163e+08
 4.774e+08 -4.774e+08
 -1.423e+08 1.423e+08
 4.475e+08 -4.475e+08
 -2.908e+08 2.908e+08
 1.16e+07 -1.16e+07
 -4.752e+08 4.752e+08
 8.378e+07 -8.378e+07
 -5.434e+08 5.434e+08
 3.458e+08 -3.458e+08
 -3.396e+08 3.396e+08
 -3.959e+08 3.959e+08
 -1.605e+08 1.605e+08
 3.207e+08 -3.207e+08
 -1.649e+08 1.649e+08
 -2.525e+08 2.525e+08
 -2.027e+08 2.027e+08
 -4.787e+08 4.787e+08
 5.923e+08 -5.923e+08
 3.602e+07 -3.602e+07
 -1.49e+08 1.49e+08
 -2.003e+08 2.003e+08
 3.465e+08 -3.465e+08
 -7.532e+06 7.532e+06
 3.407e+08 -3.407e+08
 6.181e+08 -6.181e+08
 3.657e+08 -3.657e+08
 7.868e+08 -7.868e+08
 8.443e+07 -8.443e+07
 6.8e+07 -6.8e+07
 -3.54e+08 3.54e+08
 1.845e+08 -1.845e+08
 -4.201e+08 4.201e+08
 7.606e+07 -7.606e+07
 -9.437e+07 9.437e+07
 7.491e+08 -7.491e+08
 4.792e+08 -4.792e+08
 -4.451e+08 4.451e+08
 6.858e+08 -6.858e+08
 1.363e+09 -1.363e+09
 7.959e+08 -7.959e+08
 7.017e+08 -7.017e+08
 5.009e+08 -5.009e+08
 -3.137e+08 3.137e+08
 8.194e+07 -8.194e+07
 -3.001e+08 3.001e+08
 7.876e+08 -7.876e+08
 -9.623e+07 9.623e+07
 -2.433e+08 2.433e+08
 1.818e+08 -1.818e+08
 1.823e+07 -1.823e+07
 -3.38e+08 3.38e+08
 2.109e+07 -2.109e+07
 -1.572e+08 1.572e+08
 1.061e+08 -1.061e+08
 1.839e+08 -1.839e+08
 1.859e+08 -1.859e+08
 4.809e+08 -4.809e+08
 -2.777e+08 2.777e+08
 -3.503e+08 3.503e+08
 -7.888e+08 7.888e+08
 -1.762e+08 1.762e+08
 -3.965e+08 3.965e+08
 -7.089e+08 7.089e+08
 -3.66e+08 3.66e+08
 -3.823e+08 3.823e+08
 5.855e+07 -5.855e+07
 -7.458e+08 7.458e+08
 -3.948e+08 3.948e+08
 -4.597e+08 4.597e+08
 -4.939e+08 4.939e+08
 -4.807e+08 4.807e+08
 2.172e+08 -2.172e+08
 1.116e+07 -1.116e+07
 -5.922e+08 5.922e+08
 7.763e+07 -7.763e+07
 7.81e+07 -7.81e+07
 5.367e+08 -5.367e+08
 5.792e+08 -5.792e+08
 8.149e+08 -8.149e+08
 -7.667e+08 7.667e+08
 -1.891e+08 1.891e+08
 4.884e+08 -4.884e+08
 -1.1e+08 1.1e+08
 -2.532e+08 2.532e+08
 3.646e+08 -3.646e+08
 9.9e+07 -9.9e+07
 -4.67e+07 4.67e+07
 -1.96e+07 1.96e+07
 -1.872e+08 1.872e+08
 2.112e+08 -2.112e+08
 -6.41e+08 6.41e+08
 4.974e+07 -4.974e+07
 3.748e+08 -3.748e+08
 3.573e+08 -3.573e+08
 -2.447e+08 2.447e+08
 7.777e+07 -7.777e+07
 1.007e+09 -1.007e+09
 -3.381e+08 3.381e+08
 -1.373e+07 1.373e+07
 5.681e+08 -5.681e+08
 5.811e+08 -5.811e+08
 -2.893e+08 2.893e+08
 -5.115e+08 5.115e+08
 5.976e+08 -5.976e+08
 -2.469e+08 2.469e+08
 5.508e+08 -5.508e+08
 -2.537e+08 2.537e+08
 3.934e+08 -3.934e+08
 -5.447e+08 5.447e+08
 5.052e+07 -5.052e+07
 -6.043e+08 6.043e+08
 2.405e+08 -2.405e+08
 1.638e+08 -1.638e+08
 -2.572e+08 2.572e+08
 1.258e+08 -1.258e+08
 -7.56e+07 7.56e+07
 5.093e+08 -5.093e+08
 2.836e+08 -2.836e+08
 2.609e+08 -2.609e+08
 2.876e+08 -2.876e+08
 -1.055e+09 1.055e+09
 3.985e+07 -3.985e+07
 -1.112e+08 1.112e+08
 7.027e+08 -7.027e+08
 5.137e+07 -5.137e+07
 1.342e+08 -1.342e+08
 -8.599e+07 8.599e+07
 6.322e+08 -6.322e+08
 4.059e+07 -4.059e+07
 -1.295e+08 1.295e+08
 -8.795e+07 8.795e+07
 -5.526e+08 5.526e+08
 -5.383e+08 5.383e+08
 -1.205e+08 1.205e+08
 1.071e+08 -1.071e+08
 -1.472e+08 1.472e+08
 -2.94e+08 2.94e+08
 6.813e+08 -6.813e+08
 1.181e+08 -1.181e+08
 6.29e+08 -6.29e+08
 1.452e+08 -1.452e+08
 2.687e+08 -2.687e+08
 5.146e+08 -5.146e+08
 2.576e+08 -2.576e+08
 1.216e+06 -1.216e+06
 4.687e+07 -4.687e+07
 -1.361e+08 1.361e+08
 -3.415e+08 3.415e+08
 2.651e+06 -2.651e+06
 6.776e+08 -6.776e+08
 2.315e+08 -2.315e+08
 -2.171e+08 2.171e+08
 4.306e+08 -4.306e+08
 8.314e+07 -8.314e+07
 -8.549e+08 8.549e+08
 3.101e+08 -3.101e+08
 -6.278e+08 6.278e+08
 -3.827e+08 3.827e+08
 1.892e+08 -1.892e+08
 3.976e+08 -3.976e+08
 3.559e+08 -3.559e+08
 3.715e+08 -3.715e+08
 -5.357e+08 5.357e+08
 -2.685e+08 2.685e+08
 1.815e+08 -1.815e+08
 2.067e+08 -2.067e+08
 8.298e+08 -8.298e+08
 -5.124e+07 5.124e+07
 -4.345e+08 4.345e+08
 -7.146e+08 7.146e+08
 -4.978e+08 4.978e+08
 1.194e+09 -1.194e+09
 -1.647e+08 1.647e+08
 4.929e+08 -4.929e+08
 4.909e+08 -4.909e+08
 3.441e+08 -3.441e+08
 4.244e+06 -4.244e+06
 -1.153e+08 1.153e+08
 5.74e+07 -5.74e+07
 6.257e+07 -6.257e+07
 4.517e+08 -4.517e+08
 4.375e+08 -4.375e+08
 -2.768e+08 2.768e+08
 1.959e+08 -1.959e+08
 -3.09e+08 3.09e+08
 4.71e+08 -4.71e+08
 2.793e+08 -2.793e+08
 -5.985e+08 5.985e+08
 3.001e+08 -3.001e+08
 1.581e+08 -1.581e+08
 1.061e+09 -1.061e+09
 1.152e+08 -1.152e+08
 3.167e+07 -3.167e+07
 -2.565e+08 2.565e+08
 -4.906e+08 4.906e+08
 -5.25e+08 5.25e+08
 3.494e+08 -3.494e+08
 -6.38e+08 6.38e+08
 -4.451e+07 4.451e+07
 -5.515e+08 5.515e+08
 3.879e+07 -3.879e+07
 -5.824e+08 5.824e+08
 -2.008e+08 2.008e+08
 -2.832e+08 2.832e+08
 6.566e+08 -6.566e+08
 -6.762e+08 6.762e+08
 7.993e+08 -7.993e+08
 1.987e+08 -1.987e+08
 3.316e+08 -3.316e+08
 -4.28e+08 4.28e+08
 7.306e+08 -7.306e+08
 3.095e+08 -3.095e+08
 2.386e+08 -2.386e+08
 4.331e+08 -4.331e+08
 -7.264e+08 7.264e+08
 -9.167e+07 9.167e+07
 2.881e+08 -2.881e+08
 -6.021e+08 6.021e+08
 -8.779e+08 8.779e+08
 9.768e+08 -9.768e+08
 -3.288e+08 3.288e+08
 2.706e+08 -2.706e+08
 -1.03e+09 1.03e+09
 1.459e+08 -1.459e+08
 6.89e+05 -6.89e+05
 -1.116e+09 1.116e+09
 -2.016e+08 2.016e+08
 -5.779e+08 5.779e+08
 -4.134e+08 4.134e+08
 2.24e+08 -2.24e+08
 -2.441e+08 2.441e+08
 4.173e+07 -4.173e+07
 -1.031e+07 1.031e+07
 4.075e+08 -4.075e+08
 -1.241e+09 1.241e+09
 -1.396e+09 1.396e+09
 -7.312e+07 7.312e+07
 1.28e+08 -1.28e+08
 -1.35e+08 1.35e+08
 7.371e+08 -7.371e+08
 2.516e+08 -2.516e+08
 -6.444e+08 6.444e+08
 -3.362e+08 3.362e+08
 -9.777e+08 9.777e+08
 1.083e+08 -1.083e+08
 7.529e+07 -7.529e+07
 1.748e+08 -1.748e+08
 5.652e+08 -5.652e+08
 -3.245e+08 3.245e+08
 -3.498e+08 3.498e+08
 -5.389e+06 5.389e+06
 -4.345e+07 4.345e+07
 3.906e+08 -3.906e+08
 -3.144e+07 3.144e+07
 -1.925e+08 1.925e+08
 2.24e+08 -2.24e+08
 4.281e+07 -4.281e+07
 7.081e+08 -7.081e+08
 4.912e+08 -4.912e+08
 -7.153e+08 7.153e+08
 4.204e+08 -4.204e+08
 8.098e+08 -8.098e+08
 -1.967e+09 1.967e+09
 -3.626e+08 3.626e+08
 1.03e+07 -1.03e+07
 4.18e+08 -4.18e+08
 -4.59e+08 4.59e+08
 -9.245e+07 9.245e+07
 1.582e+08 -1.582e+08
 -1.264e+08 1.264e+08
 -1.664e+08 1.664e+08
 9.944e+08 -9.944e+08
 -2.812e+08 2.812e+08
 -9.001e+06 9.001e+06
 -1.38e+09 1.38e+09
 -2.116e+08 2.116e+08
 1.114e+08 -1.114e+08
 -4.011e+07 4.011e+07
 -6.544e+08 6.544e+08
 -1.319e+07 1.319e+07
 -1.758e+08 1.758e+08
 -3.439e+08 3.439e+08
 -1.853e+08 1.853e+08
 -1.629e+08 1.629e+08
 3.29e+08 -3.29e+08
 1.328e+08 -1.328e+08
 -1.995e+08 1.995e+08
 1.533e+08 -1.533e+08
 3.386e+06 -3.386e+06
 -2.264e+08 2.264e+08
 3.113e+08 -3.113e+08
 3.485e+06 -3.485e+06
 -5.139e+08 5.139e+08
 5.67e+07 -5.67e+07
 -7.015e+08 7.015e+08
 -1.841e+08 1.841e+08
 3.172e+08 -3.172e+08
 -2.556e+08 2.556e+08
 -4.397e+08 4.397e+08
 6.364e+07 -6.364e+07
 -1.972e+08 1.972e+08
 4.584e+06 -4.584e+06
 -2.23e+07 2.23e+07
 -7.163e+08 7.163e+08
 -2.24e+07 2.24e+07
 1.445e+08 -1.445e+08
 -1.146e+07 1.146e+07
 -1.126e+08 1.126e+08
 1.605e+09 -1.605e+09
 -1.193e+07 1.193e+07
 -4.328e+08 4.328e+08
 2.697e+07 -2.697e+07
 1.015e+08 -1.015e+08
 -2.468e+08 2.468e+08
 4.574e+08 -4.574e+08
 1.353e+08 -1.353e+08
 7.694e+08 -7.694e+08
 1.298e+09 -1.298e+09
 8.945e+08 -8.945e+08
 -3.669e+08 3.669e+08
 -1.16e+08 1.16e+08
 4.778e+08 -4.778e+08
 -2.531e+08 2.531e+08
 -4.911e+07 4.911e+07
 -1.785e+08 1.785e+08
 1.475e+08 -1.475e+08
 2.135e+08 -2.135e+08
 -6.345e+08 6.345e+08
 -6.929e+08 6.929e+08
 4.802e+08 -4.802e+08
 -4.344e+08 4.344e+08
 8.238e+08 -8.238e+08
 1.663e+08 -1.663e+08
 -1.567e+08 1.567e+08
 -7.335e+08 7.335e+08
 -4.378e+08 4.378e+08
 1.874e+08 -1.874e+08
 -4.877e+06 4.877e+06
 7.662e+08 -7.662e+08
 -2.921e+08 2.921e+08
 5.006e+07 -5.006e+07
 -1.46e+08 1.46e+08
 3.442e+08 -3.442e+08
 -4.032e+08 4.032e+08
 2.608e+08 -2.608e+08
 -5.348e+08 5.348e+08
 -7.959e+08 7.959e+08
 3.396e+08 -3.396e+08
 7.969e+07 -7.969e+07
 -7.077e+08 7.077e+08
 1.322e+08 -1.322e+08
 2.647e+08 -2.647e+08
 -4.314e+08 4.314e+08
 -4.229e+08 4.229e+08
 -1.389e+08 1.389e+08
 -1.417e+08 1.417e+08
 -3.84e+08 3.84e+08
 -1.364e+08 1.364e+08
 9.282e+08 -9.282e+08
 -1.066e+09 1.066e+09
 2.354e+08 -2.354e+08
 6.118e+08 -6.118e+08
 2.728e+08 -2.728e+08
 -1.015e+09 1.015e+09
 2.738e+07 -2.738e+07
 6.248e+08 -6.248e+08
 -1.776e+07 1.776e+07
 2.593e+05 -2.593e+05
 -5.218e+08 5.218e+08
 -5.093e+08 5.093e+08
 -9.42e+08 9.42e+08
 3.309e+08 -3.309e+08
 1.202e+08 -1.202e+08
 -3.392e+08 3.392e+08
 -1.32e+08 1.32e+08
 2.171e+07 -2.171e+07
 1.492e+08 -1.492e+08
 -5.644e+08 5.644e+08
 -6.783e+08 6.783e+08
 -1.549e+08 1.549e+08
 -2.743e+07 2.743e+07
 3.355e+05 -3.355e+05
 -2.031e+08 2.031e+08
 -2.926e+08 2.926e+08
 7.233e+08 -7.233e+08
 6.069e+08 -6.069e+08
 4.86e+08 -4.86e+08
 -1.093e+09 1.093e+09
 2.933e+07 -2.933e+07
 -5.299e+08 5.299e+08
 -5.018e+07 5.018e+07
 8.884e+07 -8.884e+07
 6.406e+08 -6.406e+08
 -1.807e+08 1.807e+08
 3.551e+08 -3.551e+08
 -7.501e+08 7.501e+08
 -4.495e+07 4.495e+07
 -5.812e+08 5.812e+08
 -7.066e+08 7.066e+08
 3.318e+08 -3.318e+08
 4.242e+08 -4.242e+08
 -2.533e+06 2.533e+06
 5.716e+08 -5.716e+08
 2.824e+08 -2.824e+08
 3.647e+08 -3.647e+08
 1.411e+08 -1.411e+08
 1.008e+05 -1.008e+05
 6.173e+08 -6.173e+08
 -2.853e+08 2.853e+08
 5.245e+08 -5.245e+08
 -4.303e+08 4.303e+08
 4.074e+08 -4.074e+08
 1.79e+08 -1.79e+08
 8.493e+08 -8.493e+08
 -6.811e+08 6.811e+08
 2.836e+08 -2.836e+08
 -1.711e+08 1.711e+08
 6.941e+08 -6.941e+08
 3.017e+08 -3.017e+08
 5.286e+08 -5.286e+08
 -5.222e+07 5.222e+07
 -2.686e+08 2.686e+08
 3.008e+08 -3.008e+08
 -2.376e+08 2.376e+08
 -4.474e+08 4.474e+08
 9.094e+07 -9.094e+07
 -2.809e+08 2.809e+08
 -1.032e+08 1.032e+08
 7.366e+07 -7.366e+07
 -1.701e+08 1.701e+08
 -1.154e+08 1.154e+08
 -1.398e+08 1.398e+08
 8.931e+07 -8.931e+07
 1.824e+08 -1.824e+08
 -3.657e+08 3.657e+08
 5.348e+08 -5.348e+08
 -4.561e+08 4.561e+08
 2.62e+08 -2.62e+08
 -1.771e+07 1.771e+07
 3.126e+08 -3.126e+08
 -2.289e+08 2.289e+08
 7.041e+07 -7.041e+07
 -7.227e+06 7.227e+06
 9.723e+07 -9.723e+07
 1.898e+08 -1.898e+08
 1.012e+08 -1.012e+08
 -4.148e+07 4.148e+07
 -1.219e+08 1.219e+08
 -7.626e+08 7.626e+08
 -1.845e+08 1.845e+08
 -1.777e+08 1.777e+08
 4.014e+08 -4.014e+08
 -7.389e+08 7.389e+08
 -9.383e+08 9.383e+08
 7.057e+07 -7.057e+07
 -3.417e+08 3.417e+08
 4.094e+08 -4.094e+08
 2.442e+08 -2.442e+08
 6.221e+08 -6.221e+08
 2.594e+08 -2.594e+08
 4.783e+08 -4.783e+08
 -1.01e+09 1.01e+09
 8.268e+07 -8.268e+07
 1.582e+08 -1.582e+08
 -1.8e+08 1.8e+08
 7.021e+07 -7.021e+07
 2.015e+08 -2.015e+08
 -3.924e+08 3.924e+08
 -7.211e+08 7.211e+08
 -2.967e+08 2.967e+08
 4.107e+08 -4.107e+08
 -1.306e+08 1.306e+08
 -2.483e+08 2.483e+08
 3.772e+08 -3.772e+08
 -5.031e+08 5.031e+08
 -3.5e+08 3.5e+08
 -8.342e+08 8.342e+08
 -1.245e+08 1.245e+08
 3.037e+08 -3.037e+08
 -1.353e+08 1.353e+08
 -3.502e+08 3.502e+08
 1.249e+08 -1.249e+08
 8.862e+08 -8.862e+08
 -6.512e+08 6.512e+08
 3.984e+08 -3.984e+08
 2.046e+08 -2.046e+08
 1.64e+08 -1.64e+08
 8.627e+08 -8.627e+08
 2.035e+08 -2.035e+08
 -4.188e+07 4.188e+07
 -9.006e+08 9.006e+08
 2.612e+08 -2.612e+08
 1.695e+08 -1.695e+08
 1.625e+08 -1.625e+08
 -5.925e+08 5.925e+08
 -7.449e+07 7.449e+07
 -4.58e+08 4.58e+08
 -6.268e+07 6.268e+07
 3.447e+08 -3.447e+08
 3.141e+08 -3.141e+08
 -4.94e+07 4.94e+07
 9.378e+07 -9.378e+07
 -1.728e+08 1.728e+08
 -6.975e+08 6.975e+08
 -5.954e+08 5.954e+08
 -5.344e+08 5.344e+08
 -1.264e+08 1.264e+08
 2.971e+08 -2.971e+08
 2.719e+08 -2.719e+08
 6.006e+08 -6.006e+08
 3.137e+08 -3.137e+08
 2.66e+08 -2.66e+08
 -1.651e+08 1.651e+08
 -7.663e+07 7.663e+07
 1.984e+07 -1.984e+07
 -3.856e+08 3.856e+08
 2.106e+08 -2.106e+08
 -7.338e+08 7.338e+08
 1.235e+08 -1.235e+08
 4.142e+08 -4.142e+08
 -4.009e+08 4.009e+08
 -2.733e+08 2.733e+08
 6.831e+07 -6.831e+07
 3.16e+08 -3.16e+08
 -9.942e+07 9.942e+07
 -3.101e+08 3.101e+08
 -1.842e+08 1.842e+08
 4.18e+08 -4.18e+08
 2.88e+08 -2.88e+08
 7.352e+08 -7.352e+08
 -4.487e+07 4.487e+07
 -2.151e+08 2.151e+08
 3.673e+08 -3.673e+08
 9.752e+07 -9.752e+07
 1.162e+08 -1.162e+08
 -4.677e+08 4.677e+08
 -8.045e+08 8.045e+08
 6.427e+08 -6.427e+08
 6.378e+08 -6.378e+08
 -1.978e+08 1.978e+08
 -1.55e+08 1.55e+08
 8.274e+08 -8.274e+08
 -9.164e+07 9.164e+07
 3.543e+08 -3.543e+08
 2.984e+08 -2.984e+08
 -6.949e+08 6.949e+08
 -3.457e+08 3.457e+08
 -4.435e+08 4.435e+08
 2.128e+08 -2.128e+08
 8.206e+07 -8.206e+07
 7.121e+08 -7.121e+08
 1.142e+08 -1.142e+08
 -6.304e+08 6.304e+08
 -1.727e+08 1.727e+08
 -1.177e+09 1.177e+09
 8.495e+08 -8.495e+08
 -4.706e+08 4.706e+08
 1.163e+09 -1.163e+09
 -8.362e+07 8.362e+07
 -1.495e+08 1.495e+08
 3.112e+08 -3.112e+08
 3.202e+08 -3.202e+08
 -2.916e+08 2.916e+08
 -8.219e+08 8.219e+08
 -6.154e+08 6.154e+08
 -6.699e+08 6.699e+08
 4.098e+08 -4.098e+08
 -1.149e+08 1.149e+08
 -1.539e+08 1.539e+08
 -6.996e+08 6.996e+08
 1.254e+07 -1.254e+07
 2.486e+08 -2.486e+08
 -4.844e+08 4.844e+08
 -1.414e+08 1.414e+08
 -7.266e+07 7.266e+07
 -2.42e+08 2.42e+08
 -5.355e+08 5.355e+08
 -7.781e+07 7.781e+07
 -5.902e+08 5.902e+08
 -3.432e+08 3.432e+08
 -3.589e+08 3.589e+08
 -5.393e+08 5.393e+08
 2.097e+08 -2.097e+08
 -7.549e+08 7.549e+08
 -5.028e+08 5.028e+08
 1.931e+08 -1.931e+08
 -8.978e+07 8.978e+07
 2.623e+08 -2.623e+08
 7.219e+08 -7.219e+08
 -3.311e+08 3.311e+08
 -3.456e+08 3.456e+08
 -5.018e+08 5.018e+08
 -8.103e+07 8.103e+07
 -3.892e+08 3.892e+08
 2.926e+08 -2.926e+08
 2.132e+08 -2.132e+08
 1.904e+08 -1.904e+08
 2.552e+07 -2.552e+07
 -2.297e+08 2.297e+08
 1.494e+08 -1.494e+08
 8.062e+08 -8.062e+08
 -1.043e+07 1.043e+07
 -3.415e+08 3.415e+08
 8.654e+07 -8.654e+07
 2.413e+08 -2.413e+08
 -2.88e+08 2.88e+08
 6.711e+08 -6.711e+08
 -4.171e+08 4.171e+08
 -4.621e+08 4.621e+08
 2.369e+08 -2.369e+08
 3.801e+08 -3.801e+08
 -9.76e+08 9.76e+08
 5.246e+07 -5.246e+07
 -7.087e+07 7.087e+07
 -5.234e+07 5.234e+07
 -2.934e+08 2.934e+08
 -1.467e+08 1.467e+08
 7.052e+07 -7.052e+07
 -4.478e+08 4.478e+08
 2.126e+08 -2.126e+08
 5.292e+08 -5.292e+08
 -7.094e+07 7.094e+07
 -8.02e+08 8.02e+08
 4.946e+08 -4.946e+08
 1.9e+08 -1.9e+08
 7.348e+08 -7.348e+08
 -1.409e+08 1.409e+08
 1.531e+08 -1.531e+08
 6.563e+07 -6.563e+07
 -2.291e+08 2.291e+08
 2.971e+08 -2.971e+08
 -2.545e+08 2.545e+08
 1.967e+08 -1.967e+08
 3.526e+07 -3.526e+07
 -3.835e+07 3.835e+07
 7.173e+08 -7.173e+08
 1.385e+07 -1.385e+07
 1.195e+08 -1.195e+08
 -4.296e+07 4.296e+07
 -6.228e+07 6.228e+07
 -7.365e+08 7.365e+08
 1.754e+08 -1.754e+08
 -1.943e+08 1.943e+08
 1.314e+08 -1.314e+08
 3.025e+07 -3.025e+07
 -1.943e+08 1.943e+08
 -9.715e+07 9.715e+07
 -1.998e+08 1.998e+08
 8.872e+07 -8.872e+07
 -5.128e+08 5.128e+08
 4.855e+08 -4.855e+08
 2.371e+08 -2.371e+08
 -3.193e+08 3.193e+08
 -4.459e+08 4.459e+08
 -4.07e+07 4.07e+07
 -2.725e+08 2.725e+08
 2.025e+08 -2.025e+08
 3.425e+07 -3.425e+07
 -2.542e+08 2.542e+08
 -2.192e+08 2.192e+08
 1.139e+08 -1.139e+08
 -3.724e+08 3.724e+08
 3.535e+07 -3.535e+07
 -2.013e+07 2.013e+07
 -8.545e+08 8.545e+08
 2.686e+07 -2.686e+07
 -1.038e+09 1.038e+09
 -2.59e+08 2.59e+08
 -3.088e+08 3.088e+08
 -1.346e+08 1.346e+08
 -4.159e+08 4.159e+08
 2.479e+08 -2.479e+08
 -4.459e+08 4.459e+08
 8.213e+08 -8.213e+08
 1.583e+09 -1.583e+09
 -5.253e+08 5.253e+08
 -3.251e+08 3.251e+08
 -8.725e+08 8.725e+08
 2.017e+08 -2.017e+08
 2.788e+08 -2.788e+08
 9.593e+08 -9.593e+08
 2.381e+08 -2.381e+08
 -4.275e+08 4.275e+08
 3.93e+08 -3.93e+08
 -7.869e+08 7.869e+08
 -1.864e+08 1.864e+08
 -3.555e+08 3.555e+08
 -3.991e+08 3.991e+08
 -3.422e+08 3.422e+08
 -4.179e+07 4.179e+07
 -1.609e+08 1.609e+08
 4.562e+08 -4.562e+08
 8.388e+07 -8.388e+07
 3.507e+08 -3.507e+08
 2.758e+08 -2.758e+08
 -9.068e+08 9.068e+08
 -5.285e+08 5.285e+08
 -1.655e+08 1.655e+08
 -3.453e+08 3.453e+08
 4.079e+08 -4.079e+08
 8.353e+08 -8.353e+08
 -4.69e+08 4.69e+08
 -1.717e+08 1.717e+08
 -8.169e+08 8.169e+08
 -2.492e+08 2.492e+08
 6.326e+08 -6.326e+08
 4.148e+08 -4.148e+08
 -3.649e+07 3.649e+07
 2.896e+08 -2.896e+08
 -6.204e+08 6.204e+08
 2.318e+08 -2.318e+08
 1.18e+08 -1.18e+08
 -2.994e+08 2.994e+08
 8.927e+07 -8.927e+07
 -6.346e+08 6.346e+08
 3.784e+07 -3.784e+07
 -4.034e+08 4.034e+08
 6.655e+08 -6.655e+08
 -4.299e+08 4.299e+08
 -1.075e+08 1.075e+08
 -1.508e+08 1.508e+08
 -2.221e+08 2.221e+08
 -3.002e+08 3.002e+08
 1.022e+07 -1.022e+07
 3.086e+08 -3.086e+08
 -2.006e+08 2.006e+08
 -5.185e+08 5.185e+08
 5.711e+08 -5.711e+08
 -2.838e+07 2.838e+07
 1.493e+08 -1.493e+08
 4.23e+08 -4.23e+08
 -5.363e+08 5.363e+08
 -7.029e+08 7.029e+08
 1.366e+08 -1.366e+08
 -3.708e+08 3.708e+08
 -7.045e+08 7.045e+08
 -2.534e+08 2.534e+08
 -4.732e+08 4.732e+08
 3.626e+08 -3.626e+08
 3.735e+08 -3.735e+08
 3.935e+08 -3.935e+08
 -5.947e+07 5.947e+07
 2.423e+08 -2.423e+08
 -1.75e+08 1.75e+08
 -1.851e+08 1.851e+08
 3.684e+06 -3.684e+06
 8.312e+08 -8.312e+08
 2.202e+07 -2.202e+07
 4.643e+08 -4.643e+08
 8.102e+08 -8.102e+08
 -4.737e+08 4.737e+08
 9.712e+07 -9.712e+07
 -4.817e+08 4.817e+08
 5.664e+08 -5.664e+08
 -5.176e+08 5.176e+08
 -1.651e+07 1.651e+07
 3.545e+08 -3.545e+08
 6.535e+08 -6.535e+08
 2.753e+08 -2.753e+08
 -2.424e+08 2.424e+08
 5.531e+08 -5.531e+08
 -4.825e+08 4.825e+08
 -3.096e+08 3.096e+08
 4.567e+08 -4.567e+08


