# Created by Octave 4.2.2, Sat Sep 26 20:42:50 2020 CEST <david@david-Lenovo-ideapad-520-15IKB>
# name: w
# type: matrix
# rows: 1281
# columns: 2
 -1900 1900
 -2.592e+05 2.592e+05
 -5.207e+05 5.207e+05
 7.94e+04 -7.94e+04
 -3.421e+05 3.421e+05
 4.654e+05 -4.654e+05
 9487 -9487
 1.437e+06 -1.437e+06
 1.089e+06 -1.089e+06
 7.538e+05 -7.538e+05
 7.913e+05 -7.913e+05
 -7.321e+05 7.321e+05
 -3.28e+05 3.28e+05
 -3.99e+05 3.99e+05
 2.484e+05 -2.484e+05
 3.384e+05 -3.384e+05
 6.122e+05 -6.122e+05
 2.918e+05 -2.918e+05
 -6.492e+04 6.492e+04
 4.7e+05 -4.7e+05
 9947 -9947
 -2.787e+05 2.787e+05
 -2.798e+05 2.798e+05
 -5.498e+05 5.498e+05
 5.075e+05 -5.075e+05
 -1.336e+05 1.336e+05
 -9.861e+04 9.861e+04
 -2.972e+05 2.972e+05
 7.326e+04 -7.326e+04
 3.097e+05 -3.097e+05
 -2.633e+05 2.633e+05
 -2.803e+05 2.803e+05
 1.248e+06 -1.248e+06
 -2.118e+05 2.118e+05
 -7.261e+05 7.261e+05
 2.276e+05 -2.276e+05
 -1.014e+05 1.014e+05
 -1.39e+05 1.39e+05
 -9.245e+05 9.245e+05
 1.057e+06 -1.057e+06
 -3.943e+04 3.943e+04
 -5.06e+05 5.06e+05
 -1.213e+05 1.213e+05
 1.265e+05 -1.265e+05
 -6.843e+05 6.843e+05
 -4.038e+05 4.038e+05
 2.331e+04 -2.331e+04
 -1.317e+05 1.317e+05
 1.668e+05 -1.668e+05
 -4.776e+05 4.776e+05
 -3.198e+05 3.198e+05
 1.378e+05 -1.378e+05
 -2.125e+05 2.125e+05
 2.865e+05 -2.865e+05
 1.006e+06 -1.006e+06
 2.71e+05 -2.71e+05
 -5.787e+05 5.787e+05
 4.693e+05 -4.693e+05
 1.392e+05 -1.392e+05
 -3.066e+05 3.066e+05
 -3.754e+05 3.754e+05
 1.461e+04 -1.461e+04
 2.287e+05 -2.287e+05
 -7.432e+05 7.432e+05
 -7.26e+05 7.26e+05
 -1.75e+05 1.75e+05
 -4.759e+04 4.759e+04
 6.593e+04 -6.593e+04
 1.052e+05 -1.052e+05
 1.166e+06 -1.166e+06
 4.486e+05 -4.486e+05
 1.436e+04 -1.436e+04
 2.018e+05 -2.018e+05
 -2.995e+05 2.995e+05
 3.123e+05 -3.123e+05
 -2.143e+05 2.143e+05
 8.115e+05 -8.115e+05
 7.118e+05 -7.118e+05
 4.662e+05 -4.662e+05
 3.579e+05 -3.579e+05
 -1.561e+04 1.561e+04
 1.852e+05 -1.852e+05
 6.138e+04 -6.138e+04
 1.288e+05 -1.288e+05
 3.826e+04 -3.826e+04
 3.211e+05 -3.211e+05
 8.422e+04 -8.422e+04
 1.353e+05 -1.353e+05
 -7.957e+05 7.957e+05
 1.244e+04 -1.244e+04
 -5.716e+05 5.716e+05
 -8.271e+04 8.271e+04
 1.433e+04 -1.433e+04
 -5864 5864
 -2.001e+05 2.001e+05
 5.197e+05 -5.197e+05
 -1.639e+05 1.639e+05
 -1.377e+04 1.377e+04
 -1.113e+05 1.113e+05
 2.122e+04 -2.122e+04
 -3.895e+04 3.895e+04
 1.758e+05 -1.758e+05
 -7.413e+04 7.413e+04
 -3.455e+05 3.455e+05
 -6.75e+05 6.75e+05
 7.297e+05 -7.297e+05
 2.616e+05 -2.616e+05
 -2.357e+05 2.357e+05
 5.855e+04 -5.855e+04
 2.761e+04 -2.761e+04
 -6.088e+05 6.088e+05
 -4.25e+05 4.25e+05
 2.071e+05 -2.071e+05
 1.266e+05 -1.266e+05
 -7.257e+05 7.257e+05
 -3.649e+05 3.649e+05
 3.635e+05 -3.635e+05
 -9.22e+04 9.22e+04
 -2.39e+05 2.39e+05
 -3.286e+05 3.286e+05
 2.203e+05 -2.203e+05
 2.989e+05 -2.989e+05
 4.897e+04 -4.897e+04
 4.963e+05 -4.963e+05
 2.612e+05 -2.612e+05
 -1.71e+05 1.71e+05
 2.846e+05 -2.846e+05
 3.076e+05 -3.076e+05
 9.299e+04 -9.299e+04
 1.181e+05 -1.181e+05
 2.901e+05 -2.901e+05
 4.002e+05 -4.002e+05
 6.829e+04 -6.829e+04
 -3.883e+05 3.883e+05
 1.436e+05 -1.436e+05
 3.794e+04 -3.794e+04
 -1.775e+05 1.775e+05
 -4.639e+04 4.639e+04
 -1.104e+05 1.104e+05
 1.149e+05 -1.149e+05
 2.249e+05 -2.249e+05
 1.14e+05 -1.14e+05
 -4.382e+04 4.382e+04
 -3.198e+05 3.198e+05
 -7.652e+05 7.652e+05
 -5.255e+05 5.255e+05
 3.375e+05 -3.375e+05
 3.413e+05 -3.413e+05
 4.971e+05 -4.971e+05
 1.749e+05 -1.749e+05
 1.135e+06 -1.135e+06
 -4058 4058
 4.647e+05 -4.647e+05
 6.206e+05 -6.206e+05
 5.768e+05 -5.768e+05
 1.388e+05 -1.388e+05
 -3.294e+05 3.294e+05
 -1.301e+04 1.301e+04
 -1.062e+05 1.062e+05
 -5.198e+05 5.198e+05
 -3.792e+04 3.792e+04
 2.775e+05 -2.775e+05
 -1.659e+06 1.659e+06
 -2.399e+05 2.399e+05
 -2.217e+05 2.217e+05
 -3.613e+05 3.613e+05
 -3.056e+05 3.056e+05
 -3.718e+05 3.718e+05
 -9.843e+04 9.843e+04
 -1.968e+05 1.968e+05
 -7.567e+04 7.567e+04
 1.152e+04 -1.152e+04
 1.033e+06 -1.033e+06
 1.07e+05 -1.07e+05
 -1.319e+05 1.319e+05
 1.42e+05 -1.42e+05
 1.784e+05 -1.784e+05
 1.316e+05 -1.316e+05
 371.9 -371.9
 3.239e+05 -3.239e+05
 3.574e+05 -3.574e+05
 -4.473e+05 4.473e+05
 -2.892e+05 2.892e+05
 -2.371e+05 2.371e+05
 1.282e+05 -1.282e+05
 2.669e+05 -2.669e+05
 2.181e+05 -2.181e+05
 -6.813e+05 6.813e+05
 -6.547e+05 6.547e+05
 -3.226e+05 3.226e+05
 3.599e+05 -3.599e+05
 -2.166e+05 2.166e+05
 -4.602e+04 4.602e+04
 6.394e+04 -6.394e+04
 4.275e+04 -4.275e+04
 2.101e+05 -2.101e+05
 -3.202e+05 3.202e+05
 4.922e+05 -4.922e+05
 7.911e+05 -7.911e+05
 -3.43e+05 3.43e+05
 -4.032e+05 4.032e+05
 -4.099e+05 4.099e+05
 3.744e+05 -3.744e+05
 1.511e+05 -1.511e+05
 -1.073e+05 1.073e+05
 -2.193e+05 2.193e+05
 -7.909e+04 7.909e+04
 -1.759e+05 1.759e+05
 -3.893e+05 3.893e+05
 3.598e+05 -3.598e+05
 -7.932e+05 7.932e+05
 -6.221e+04 6.221e+04
 -4.923e+05 4.923e+05
 -2.701e+05 2.701e+05
 3.279e+05 -3.279e+05
 -7.405e+05 7.405e+05
 -3.786e+04 3.786e+04
 -5.855e+05 5.855e+05
 1.763e+05 -1.763e+05
 -4.044e+05 4.044e+05
 -9.745e+05 9.745e+05
 3.08e+05 -3.08e+05
 9.437e+04 -9.437e+04
 3.19e+05 -3.19e+05
 -1.973e+05 1.973e+05
 -1596 1596
 1.68e+05 -1.68e+05
 3.991e+05 -3.991e+05
 5.191e+05 -5.191e+05
 8.46e+04 -8.46e+04
 -2.743e+05 2.743e+05
 1.218e+06 -1.218e+06
 -4.859e+05 4.859e+05
 -2.192e+05 2.192e+05
 -2.085e+05 2.085e+05
 -3.761e+05 3.761e+05
 2.971e+05 -2.971e+05
 3.977e+04 -3.977e+04
 -3.902e+05 3.902e+05
 -4.065e+05 4.065e+05
 -4.39e+04 4.39e+04
 2.847e+05 -2.847e+05
 -1.008e+05 1.008e+05
 2.158e+05 -2.158e+05
 -6.687e+05 6.687e+05
 -5.545e+05 5.545e+05
 2.153e+04 -2.153e+04
 -4.758e+04 4.758e+04
 -1.922e+05 1.922e+05
 -8.126e+04 8.126e+04
 1.684e+05 -1.684e+05
 -1.778e+05 1.778e+05
 1.328e+05 -1.328e+05
 -6.211e+05 6.211e+05
 1.58e+04 -1.58e+04
 -3.247e+05 3.247e+05
 -2.324e+05 2.324e+05
 -7.284e+05 7.284e+05
 4.191e+05 -4.191e+05
 1.785e+05 -1.785e+05
 3.504e+05 -3.504e+05
 2.916e+05 -2.916e+05
 8.085e+04 -8.085e+04
 3772 -3772
 -8.97e+04 8.97e+04
 1.167e+05 -1.167e+05
 -7.038e+05 7.038e+05
 -5.415e+05 5.415e+05
 -3.83e+05 3.83e+05
 3.653e+05 -3.653e+05
 4.056e+05 -4.056e+05
 -2.961e+05 2.961e+05
 -8.764e+05 8.764e+05
 -1.658e+04 1.658e+04
 8.512e+05 -8.512e+05
 3.606e+04 -3.606e+04
 -5.492e+05 5.492e+05
 -5.684e+05 5.684e+05
 -4.981e+05 4.981e+05
 -1.413e+05 1.413e+05
 -1.807e+05 1.807e+05
 5.143e+05 -5.143e+05
 -3.334e+05 3.334e+05
 -1.201e+05 1.201e+05
 -4.988e+04 4.988e+04
 -7.406e+05 7.406e+05
 2.45e+05 -2.45e+05
 4.275e+05 -4.275e+05
 5.431e+04 -5.431e+04
 -4.852e+05 4.852e+05
 -6.481e+05 6.481e+05
 5.063e+05 -5.063e+05
 6.626e+04 -6.626e+04
 1.847e+05 -1.847e+05
 -6.621e+04 6.621e+04
 -1.866e+05 1.866e+05
 6.464e+05 -6.464e+05
 3.464e+05 -3.464e+05
 -6.518e+05 6.518e+05
 -6.437e+05 6.437e+05
 4.34e+05 -4.34e+05
 1.965e+05 -1.965e+05
 -3.914e+04 3.914e+04
 -2.024e+05 2.024e+05
 -5.787e+05 5.787e+05
 -4458 4458
 -4.071e+05 4.071e+05
 6.9e+05 -6.9e+05
 6.216e+05 -6.216e+05
 1.184e+05 -1.184e+05
 1.907e+05 -1.907e+05
 1.842e+04 -1.842e+04
 -4.023e+05 4.023e+05
 -3.909e+05 3.909e+05
 -1.124e+05 1.124e+05
 -1.387e+06 1.387e+06
 2.205e+05 -2.205e+05
 6.256e+05 -6.256e+05
 3.418e+05 -3.418e+05
 -2.214e+04 2.214e+04
 6.223e+04 -6.223e+04
 -3.053e+05 3.053e+05
 -1.087e+04 1.087e+04
 3.633e+05 -3.633e+05
 -4.427e+04 4.427e+04
 -3.435e+05 3.435e+05
 3.403e+05 -3.403e+05
 -5479 5479
 -7.618e+05 7.618e+05
 -5.56e+05 5.56e+05
 -9.979e+04 9.979e+04
 3.637e+04 -3.637e+04
 -1.608e+05 1.608e+05
 -4.001e+04 4.001e+04
 8.056e+05 -8.056e+05
 -6.23e+05 6.23e+05
 8.025e+04 -8.025e+04
 4.793e+05 -4.793e+05
 -7.261e+05 7.261e+05
 1979 -1979
 1.852e+05 -1.852e+05
 -4.117e+05 4.117e+05
 1286 -1286
 5.342e+05 -5.342e+05
 2.383e+05 -2.383e+05
 2.624e+04 -2.624e+04
 -2.956e+05 2.956e+05
 2.989e+05 -2.989e+05
 8.414e+05 -8.414e+05
 8.207e+04 -8.207e+04
 607.9 -607.9
 2.499e+05 -2.499e+05
 -5.212e+04 5.212e+04
 -5.401e+04 5.401e+04
 -4.488e+05 4.488e+05
 -9.588e+04 9.588e+04
 -3.994e+05 3.994e+05
 -1.266e+05 1.266e+05
 1.806e+05 -1.806e+05
 -7.619e+05 7.619e+05
 7.03e+04 -7.03e+04
 -1.756e+05 1.756e+05
 -5.957e+05 5.957e+05
 -1.838e+05 1.838e+05
 1.699e+05 -1.699e+05
 -2.279e+04 2.279e+04
 4.171e+05 -4.171e+05
 -2.317e+05 2.317e+05
 -2.271e+05 2.271e+05
 -2.521e+05 2.521e+05
 9.607e+05 -9.607e+05
 -1.197e+05 1.197e+05
 1.38e+05 -1.38e+05
 -9.771e+04 9.771e+04
 -6.341e+04 6.341e+04
 4.207e+05 -4.207e+05
 4.944e+05 -4.944e+05
 1.711e+05 -1.711e+05
 -7.354e+05 7.354e+05
 -5.635e+05 5.635e+05
 3.356e+05 -3.356e+05
 -7798 7798
 2.485e+05 -2.485e+05
 -3.568e+05 3.568e+05
 7.413e+04 -7.413e+04
 -1.948e+05 1.948e+05
 -9.311e+04 9.311e+04
 -9.254e+05 9.254e+05
 1.869e+05 -1.869e+05
 -2.682e+05 2.682e+05
 3.382e+05 -3.382e+05
 -5.08e+05 5.08e+05
 1.763e+05 -1.763e+05
 7.951e+05 -7.951e+05
 -2.347e+05 2.347e+05
 5.311e+05 -5.311e+05
 -4.35e+05 4.35e+05
 2.857e+05 -2.857e+05
 3.181e+05 -3.181e+05
 -2.044e+05 2.044e+05
 3.432e+05 -3.432e+05
 -8.613e+05 8.613e+05
 -6.144e+05 6.144e+05
 -8.824e+05 8.824e+05
 1.145e+05 -1.145e+05
 -4.996e+05 4.996e+05
 -1.87e+04 1.87e+04
 -6.505e+05 6.505e+05
 5.284e+05 -5.284e+05
 -1.513e+05 1.513e+05
 -9.268e+04 9.268e+04
 -2.131e+05 2.131e+05
 -1.365e+05 1.365e+05
 7.765e+04 -7.765e+04
 -1.451e+05 1.451e+05
 -2.826e+05 2.826e+05
 7.433e+05 -7.433e+05
 -4.235e+05 4.235e+05
 -3.97e+05 3.97e+05
 2.445e+05 -2.445e+05
 -1.21e+05 1.21e+05
 4.969e+05 -4.969e+05
 -2.481e+05 2.481e+05
 -6.296e+05 6.296e+05
 -1.472e+05 1.472e+05
 6.091e+05 -6.091e+05
 -8.625e+04 8.625e+04
 -2.322e+05 2.322e+05
 -3.846e+05 3.846e+05
 -6.83e+05 6.83e+05
 6.89e+04 -6.89e+04
 4.626e+05 -4.626e+05
 -4.882e+05 4.882e+05
 -2.389e+04 2.389e+04
 1.093e+05 -1.093e+05
 -2028 2028
 6.874e+05 -6.874e+05
 -3.447e+05 3.447e+05
 2.116e+05 -2.116e+05
 -2.527e+04 2.527e+04
 -3.773e+05 3.773e+05
 -2.685e+05 2.685e+05
 -8.096e+05 8.096e+05
 3.83e+05 -3.83e+05
 -2.514e+05 2.514e+05
 -2.602e+05 2.602e+05
 -3645 3645
 -1.493e+05 1.493e+05
 4.753e+05 -4.753e+05
 1.75e+05 -1.75e+05
 -1.801e+05 1.801e+05
 3.312e+05 -3.312e+05
 -1.245e+05 1.245e+05
 1.085e+04 -1.085e+04
 4.373e+05 -4.373e+05
 -5.324e+05 5.324e+05
 3.95e+04 -3.95e+04
 -1.327e+05 1.327e+05
 -3.003e+05 3.003e+05
 -3.116e+05 3.116e+05
 -2.338e+05 2.338e+05
 7.263e+05 -7.263e+05
 3.422e+05 -3.422e+05
 -1.929e+05 1.929e+05
 -4.308e+05 4.308e+05
 -5.242e+05 5.242e+05
 -7.752e+04 7.752e+04
 -1.177e+05 1.177e+05
 -1.264e+05 1.264e+05
 5.131e+04 -5.131e+04
 4.867e+05 -4.867e+05
 5.794e+05 -5.794e+05
 1.364e+05 -1.364e+05
 1.837e+04 -1.837e+04
 3.291e+05 -3.291e+05
 1.601e+05 -1.601e+05
 -1.11e+06 1.11e+06
 -1.889e+05 1.889e+05
 7.486e+05 -7.486e+05
 -5.479e+04 5.479e+04
 2.249e+05 -2.249e+05
 -4.479e+05 4.479e+05
 -3.411e+05 3.411e+05
 -4.086e+05 4.086e+05
 -2.184e+05 2.184e+05
 -8.859e+04 8.859e+04
 -7.151e+04 7.151e+04
 -3.795e+05 3.795e+05
 8.093e+04 -8.093e+04
 5.675e+05 -5.675e+05
 -5.71e+04 5.71e+04
 6.981e+04 -6.981e+04
 -1.59e+05 1.59e+05
 -1.667e+05 1.667e+05
 2.648e+05 -2.648e+05
 -8.892e+05 8.892e+05
 -1.006e+05 1.006e+05
 6.685e+05 -6.685e+05
 -3.138e+05 3.138e+05
 -1.493e+05 1.493e+05
 -2.112e+05 2.112e+05
 3.107e+05 -3.107e+05
 2.089e+05 -2.089e+05
 1.726e+05 -1.726e+05
 -1.35e+05 1.35e+05
 1.162e+05 -1.162e+05
 1.553e+05 -1.553e+05
 -8.914e+05 8.914e+05
 5.27e+05 -5.27e+05
 1.778e+05 -1.778e+05
 -5.423e+05 5.423e+05
 -1.904e+05 1.904e+05
 -3.076e+05 3.076e+05
 3.556e+05 -3.556e+05
 1.718e+05 -1.718e+05
 -1.89e+05 1.89e+05
 2.163e+05 -2.163e+05
 4.774e+05 -4.774e+05
 -1.423e+05 1.423e+05
 4.475e+05 -4.475e+05
 -2.908e+05 2.908e+05
 1.16e+04 -1.16e+04
 -4.752e+05 4.752e+05
 8.378e+04 -8.378e+04
 -5.434e+05 5.434e+05
 3.458e+05 -3.458e+05
 -3.396e+05 3.396e+05
 -3.959e+05 3.959e+05
 -1.605e+05 1.605e+05
 3.207e+05 -3.207e+05
 -1.649e+05 1.649e+05
 -2.525e+05 2.525e+05
 -2.027e+05 2.027e+05
 -4.787e+05 4.787e+05
 5.923e+05 -5.923e+05
 3.602e+04 -3.602e+04
 -1.49e+05 1.49e+05
 -2.003e+05 2.003e+05
 3.465e+05 -3.465e+05
 -7532 7532
 3.407e+05 -3.407e+05
 6.181e+05 -6.181e+05
 3.657e+05 -3.657e+05
 7.868e+05 -7.868e+05
 8.443e+04 -8.443e+04
 6.8e+04 -6.8e+04
 -3.54e+05 3.54e+05
 1.845e+05 -1.845e+05
 -4.201e+05 4.201e+05
 7.606e+04 -7.606e+04
 -9.437e+04 9.437e+04
 7.491e+05 -7.491e+05
 4.792e+05 -4.792e+05
 -4.451e+05 4.451e+05
 6.858e+05 -6.858e+05
 1.363e+06 -1.363e+06
 7.959e+05 -7.959e+05
 7.017e+05 -7.017e+05
 5.009e+05 -5.009e+05
 -3.137e+05 3.137e+05
 8.194e+04 -8.194e+04
 -3.001e+05 3.001e+05
 7.876e+05 -7.876e+05
 -9.623e+04 9.623e+04
 -2.433e+05 2.433e+05
 1.818e+05 -1.818e+05
 1.823e+04 -1.823e+04
 -3.38e+05 3.38e+05
 2.109e+04 -2.109e+04
 -1.572e+05 1.572e+05
 1.061e+05 -1.061e+05
 1.839e+05 -1.839e+05
 1.859e+05 -1.859e+05
 4.809e+05 -4.809e+05
 -2.777e+05 2.777e+05
 -3.503e+05 3.503e+05
 -7.888e+05 7.888e+05
 -1.762e+05 1.762e+05
 -3.965e+05 3.965e+05
 -7.089e+05 7.089e+05
 -3.66e+05 3.66e+05
 -3.823e+05 3.823e+05
 5.855e+04 -5.855e+04
 -7.458e+05 7.458e+05
 -3.948e+05 3.948e+05
 -4.597e+05 4.597e+05
 -4.939e+05 4.939e+05
 -4.807e+05 4.807e+05
 2.172e+05 -2.172e+05
 1.116e+04 -1.116e+04
 -5.922e+05 5.922e+05
 7.763e+04 -7.763e+04
 7.81e+04 -7.81e+04
 5.367e+05 -5.367e+05
 5.792e+05 -5.792e+05
 8.149e+05 -8.149e+05
 -7.667e+05 7.667e+05
 -1.891e+05 1.891e+05
 4.884e+05 -4.884e+05
 -1.1e+05 1.1e+05
 -2.532e+05 2.532e+05
 3.646e+05 -3.646e+05
 9.9e+04 -9.9e+04
 -4.67e+04 4.67e+04
 -1.96e+04 1.96e+04
 -1.872e+05 1.872e+05
 2.112e+05 -2.112e+05
 -6.41e+05 6.41e+05
 4.974e+04 -4.974e+04
 3.748e+05 -3.748e+05
 3.573e+05 -3.573e+05
 -2.447e+05 2.447e+05
 7.777e+04 -7.777e+04
 1.007e+06 -1.007e+06
 -3.381e+05 3.381e+05
 -1.373e+04 1.373e+04
 5.681e+05 -5.681e+05
 5.811e+05 -5.811e+05
 -2.893e+05 2.893e+05
 -5.115e+05 5.115e+05
 5.976e+05 -5.976e+05
 -2.469e+05 2.469e+05
 5.508e+05 -5.508e+05
 -2.537e+05 2.537e+05
 3.934e+05 -3.934e+05
 -5.447e+05 5.447e+05
 5.052e+04 -5.052e+04
 -6.043e+05 6.043e+05
 2.405e+05 -2.405e+05
 1.638e+05 -1.638e+05
 -2.572e+05 2.572e+05
 1.258e+05 -1.258e+05
 -7.56e+04 7.56e+04
 5.093e+05 -5.093e+05
 2.836e+05 -2.836e+05
 2.609e+05 -2.609e+05
 2.876e+05 -2.876e+05
 -1.055e+06 1.055e+06
 3.985e+04 -3.985e+04
 -1.112e+05 1.112e+05
 7.027e+05 -7.027e+05
 5.137e+04 -5.137e+04
 1.342e+05 -1.342e+05
 -8.599e+04 8.599e+04
 6.322e+05 -6.322e+05
 4.059e+04 -4.059e+04
 -1.295e+05 1.295e+05
 -8.795e+04 8.795e+04
 -5.526e+05 5.526e+05
 -5.383e+05 5.383e+05
 -1.205e+05 1.205e+05
 1.071e+05 -1.071e+05
 -1.472e+05 1.472e+05
 -2.94e+05 2.94e+05
 6.813e+05 -6.813e+05
 1.181e+05 -1.181e+05
 6.29e+05 -6.29e+05
 1.452e+05 -1.452e+05
 2.687e+05 -2.687e+05
 5.146e+05 -5.146e+05
 2.576e+05 -2.576e+05
 1216 -1216
 4.687e+04 -4.687e+04
 -1.361e+05 1.361e+05
 -3.415e+05 3.415e+05
 2651 -2651
 6.776e+05 -6.776e+05
 2.315e+05 -2.315e+05
 -2.171e+05 2.171e+05
 4.306e+05 -4.306e+05
 8.314e+04 -8.314e+04
 -8.549e+05 8.549e+05
 3.101e+05 -3.101e+05
 -6.278e+05 6.278e+05
 -3.827e+05 3.827e+05
 1.892e+05 -1.892e+05
 3.976e+05 -3.976e+05
 3.559e+05 -3.559e+05
 3.715e+05 -3.715e+05
 -5.357e+05 5.357e+05
 -2.685e+05 2.685e+05
 1.815e+05 -1.815e+05
 2.067e+05 -2.067e+05
 8.298e+05 -8.298e+05
 -5.124e+04 5.124e+04
 -4.345e+05 4.345e+05
 -7.146e+05 7.146e+05
 -4.978e+05 4.978e+05
 1.194e+06 -1.194e+06
 -1.647e+05 1.647e+05
 4.929e+05 -4.929e+05
 4.909e+05 -4.909e+05
 3.441e+05 -3.441e+05
 4244 -4244
 -1.153e+05 1.153e+05
 5.74e+04 -5.74e+04
 6.257e+04 -6.257e+04
 4.517e+05 -4.517e+05
 4.375e+05 -4.375e+05
 -2.768e+05 2.768e+05
 1.959e+05 -1.959e+05
 -3.09e+05 3.09e+05
 4.71e+05 -4.71e+05
 2.793e+05 -2.793e+05
 -5.985e+05 5.985e+05
 3.001e+05 -3.001e+05
 1.581e+05 -1.581e+05
 1.061e+06 -1.061e+06
 1.152e+05 -1.152e+05
 3.167e+04 -3.167e+04
 -2.565e+05 2.565e+05
 -4.906e+05 4.906e+05
 -5.25e+05 5.25e+05
 3.494e+05 -3.494e+05
 -6.38e+05 6.38e+05
 -4.451e+04 4.451e+04
 -5.515e+05 5.515e+05
 3.879e+04 -3.879e+04
 -5.824e+05 5.824e+05
 -2.008e+05 2.008e+05
 -2.832e+05 2.832e+05
 6.566e+05 -6.566e+05
 -6.762e+05 6.762e+05
 7.993e+05 -7.993e+05
 1.987e+05 -1.987e+05
 3.316e+05 -3.316e+05
 -4.28e+05 4.28e+05
 7.306e+05 -7.306e+05
 3.095e+05 -3.095e+05
 2.386e+05 -2.386e+05
 4.331e+05 -4.331e+05
 -7.264e+05 7.264e+05
 -9.167e+04 9.167e+04
 2.881e+05 -2.881e+05
 -6.021e+05 6.021e+05
 -8.779e+05 8.779e+05
 9.768e+05 -9.768e+05
 -3.288e+05 3.288e+05
 2.706e+05 -2.706e+05
 -1.03e+06 1.03e+06
 1.459e+05 -1.459e+05
 689 -689
 -1.116e+06 1.116e+06
 -2.016e+05 2.016e+05
 -5.779e+05 5.779e+05
 -4.134e+05 4.134e+05
 2.24e+05 -2.24e+05
 -2.441e+05 2.441e+05
 4.173e+04 -4.173e+04
 -1.031e+04 1.031e+04
 4.075e+05 -4.075e+05
 -1.241e+06 1.241e+06
 -1.396e+06 1.396e+06
 -7.312e+04 7.312e+04
 1.28e+05 -1.28e+05
 -1.35e+05 1.35e+05
 7.371e+05 -7.371e+05
 2.516e+05 -2.516e+05
 -6.444e+05 6.444e+05
 -3.362e+05 3.362e+05
 -9.777e+05 9.777e+05
 1.083e+05 -1.083e+05
 7.529e+04 -7.529e+04
 1.748e+05 -1.748e+05
 5.652e+05 -5.652e+05
 -3.245e+05 3.245e+05
 -3.498e+05 3.498e+05
 -5389 5389
 -4.345e+04 4.345e+04
 3.906e+05 -3.906e+05
 -3.144e+04 3.144e+04
 -1.925e+05 1.925e+05
 2.24e+05 -2.24e+05
 4.281e+04 -4.281e+04
 7.081e+05 -7.081e+05
 4.912e+05 -4.912e+05
 -7.153e+05 7.153e+05
 4.204e+05 -4.204e+05
 8.098e+05 -8.098e+05
 -1.967e+06 1.967e+06
 -3.626e+05 3.626e+05
 1.03e+04 -1.03e+04
 4.18e+05 -4.18e+05
 -4.59e+05 4.59e+05
 -9.245e+04 9.245e+04
 1.582e+05 -1.582e+05
 -1.264e+05 1.264e+05
 -1.664e+05 1.664e+05
 9.944e+05 -9.944e+05
 -2.812e+05 2.812e+05
 -9001 9001
 -1.38e+06 1.38e+06
 -2.116e+05 2.116e+05
 1.114e+05 -1.114e+05
 -4.011e+04 4.011e+04
 -6.544e+05 6.544e+05
 -1.319e+04 1.319e+04
 -1.758e+05 1.758e+05
 -3.439e+05 3.439e+05
 -1.853e+05 1.853e+05
 -1.629e+05 1.629e+05
 3.29e+05 -3.29e+05
 1.328e+05 -1.328e+05
 -1.995e+05 1.995e+05
 1.533e+05 -1.533e+05
 3386 -3386
 -2.264e+05 2.264e+05
 3.113e+05 -3.113e+05
 3485 -3485
 -5.139e+05 5.139e+05
 5.67e+04 -5.67e+04
 -7.015e+05 7.015e+05
 -1.841e+05 1.841e+05
 3.172e+05 -3.172e+05
 -2.556e+05 2.556e+05
 -4.397e+05 4.397e+05
 6.364e+04 -6.364e+04
 -1.972e+05 1.972e+05
 4584 -4584
 -2.23e+04 2.23e+04
 -7.163e+05 7.163e+05
 -2.24e+04 2.24e+04
 1.445e+05 -1.445e+05
 -1.146e+04 1.146e+04
 -1.126e+05 1.126e+05
 1.605e+06 -1.605e+06
 -1.193e+04 1.193e+04
 -4.328e+05 4.328e+05
 2.697e+04 -2.697e+04
 1.015e+05 -1.015e+05
 -2.468e+05 2.468e+05
 4.574e+05 -4.574e+05
 1.353e+05 -1.353e+05
 7.694e+05 -7.694e+05
 1.298e+06 -1.298e+06
 8.945e+05 -8.945e+05
 -3.669e+05 3.669e+05
 -1.16e+05 1.16e+05
 4.778e+05 -4.778e+05
 -2.531e+05 2.531e+05
 -4.911e+04 4.911e+04
 -1.785e+05 1.785e+05
 1.475e+05 -1.475e+05
 2.135e+05 -2.135e+05
 -6.345e+05 6.345e+05
 -6.929e+05 6.929e+05
 4.802e+05 -4.802e+05
 -4.344e+05 4.344e+05
 8.238e+05 -8.238e+05
 1.663e+05 -1.663e+05
 -1.567e+05 1.567e+05
 -7.335e+05 7.335e+05
 -4.378e+05 4.378e+05
 1.874e+05 -1.874e+05
 -4877 4877
 7.662e+05 -7.662e+05
 -2.921e+05 2.921e+05
 5.006e+04 -5.006e+04
 -1.46e+05 1.46e+05
 3.442e+05 -3.442e+05
 -4.032e+05 4.032e+05
 2.608e+05 -2.608e+05
 -5.348e+05 5.348e+05
 -7.959e+05 7.959e+05
 3.396e+05 -3.396e+05
 7.969e+04 -7.969e+04
 -7.077e+05 7.077e+05
 1.322e+05 -1.322e+05
 2.647e+05 -2.647e+05
 -4.314e+05 4.314e+05
 -4.229e+05 4.229e+05
 -1.389e+05 1.389e+05
 -1.417e+05 1.417e+05
 -3.84e+05 3.84e+05
 -1.364e+05 1.364e+05
 9.282e+05 -9.282e+05
 -1.066e+06 1.066e+06
 2.354e+05 -2.354e+05
 6.118e+05 -6.118e+05
 2.728e+05 -2.728e+05
 -1.015e+06 1.015e+06
 2.738e+04 -2.738e+04
 6.248e+05 -6.248e+05
 -1.776e+04 1.776e+04
 259.3 -259.3
 -5.218e+05 5.218e+05
 -5.093e+05 5.093e+05
 -9.42e+05 9.42e+05
 3.309e+05 -3.309e+05
 1.202e+05 -1.202e+05
 -3.392e+05 3.392e+05
 -1.32e+05 1.32e+05
 2.171e+04 -2.171e+04
 1.492e+05 -1.492e+05
 -5.644e+05 5.644e+05
 -6.783e+05 6.783e+05
 -1.549e+05 1.549e+05
 -2.743e+04 2.743e+04
 335.5 -335.5
 -2.031e+05 2.031e+05
 -2.926e+05 2.926e+05
 7.233e+05 -7.233e+05
 6.069e+05 -6.069e+05
 4.86e+05 -4.86e+05
 -1.093e+06 1.093e+06
 2.933e+04 -2.933e+04
 -5.299e+05 5.299e+05
 -5.018e+04 5.018e+04
 8.884e+04 -8.884e+04
 6.406e+05 -6.406e+05
 -1.807e+05 1.807e+05
 3.551e+05 -3.551e+05
 -7.501e+05 7.501e+05
 -4.495e+04 4.495e+04
 -5.812e+05 5.812e+05
 -7.066e+05 7.066e+05
 3.318e+05 -3.318e+05
 4.242e+05 -4.242e+05
 -2533 2533
 5.716e+05 -5.716e+05
 2.824e+05 -2.824e+05
 3.647e+05 -3.647e+05
 1.411e+05 -1.411e+05
 100.8 -100.8
 6.173e+05 -6.173e+05
 -2.853e+05 2.853e+05
 5.245e+05 -5.245e+05
 -4.303e+05 4.303e+05
 4.074e+05 -4.074e+05
 1.79e+05 -1.79e+05
 8.493e+05 -8.493e+05
 -6.811e+05 6.811e+05
 2.836e+05 -2.836e+05
 -1.711e+05 1.711e+05
 6.941e+05 -6.941e+05
 3.017e+05 -3.017e+05
 5.286e+05 -5.286e+05
 -5.222e+04 5.222e+04
 -2.686e+05 2.686e+05
 3.008e+05 -3.008e+05
 -2.376e+05 2.376e+05
 -4.474e+05 4.474e+05
 9.094e+04 -9.094e+04
 -2.809e+05 2.809e+05
 -1.032e+05 1.032e+05
 7.366e+04 -7.366e+04
 -1.701e+05 1.701e+05
 -1.154e+05 1.154e+05
 -1.398e+05 1.398e+05
 8.931e+04 -8.931e+04
 1.824e+05 -1.824e+05
 -3.657e+05 3.657e+05
 5.348e+05 -5.348e+05
 -4.561e+05 4.561e+05
 2.62e+05 -2.62e+05
 -1.771e+04 1.771e+04
 3.126e+05 -3.126e+05
 -2.289e+05 2.289e+05
 7.041e+04 -7.041e+04
 -7227 7227
 9.723e+04 -9.723e+04
 1.898e+05 -1.898e+05
 1.012e+05 -1.012e+05
 -4.148e+04 4.148e+04
 -1.219e+05 1.219e+05
 -7.626e+05 7.626e+05
 -1.845e+05 1.845e+05
 -1.777e+05 1.777e+05
 4.014e+05 -4.014e+05
 -7.389e+05 7.389e+05
 -9.383e+05 9.383e+05
 7.057e+04 -7.057e+04
 -3.417e+05 3.417e+05
 4.094e+05 -4.094e+05
 2.442e+05 -2.442e+05
 6.221e+05 -6.221e+05
 2.594e+05 -2.594e+05
 4.783e+05 -4.783e+05
 -1.01e+06 1.01e+06
 8.268e+04 -8.268e+04
 1.582e+05 -1.582e+05
 -1.8e+05 1.8e+05
 7.021e+04 -7.021e+04
 2.015e+05 -2.015e+05
 -3.924e+05 3.924e+05
 -7.211e+05 7.211e+05
 -2.967e+05 2.967e+05
 4.107e+05 -4.107e+05
 -1.306e+05 1.306e+05
 -2.483e+05 2.483e+05
 3.772e+05 -3.772e+05
 -5.031e+05 5.031e+05
 -3.5e+05 3.5e+05
 -8.342e+05 8.342e+05
 -1.245e+05 1.245e+05
 3.037e+05 -3.037e+05
 -1.353e+05 1.353e+05
 -3.502e+05 3.502e+05
 1.249e+05 -1.249e+05
 8.862e+05 -8.862e+05
 -6.512e+05 6.512e+05
 3.984e+05 -3.984e+05
 2.046e+05 -2.046e+05
 1.64e+05 -1.64e+05
 8.627e+05 -8.627e+05
 2.035e+05 -2.035e+05
 -4.188e+04 4.188e+04
 -9.006e+05 9.006e+05
 2.612e+05 -2.612e+05
 1.695e+05 -1.695e+05
 1.625e+05 -1.625e+05
 -5.925e+05 5.925e+05
 -7.449e+04 7.449e+04
 -4.58e+05 4.58e+05
 -6.268e+04 6.268e+04
 3.447e+05 -3.447e+05
 3.141e+05 -3.141e+05
 -4.94e+04 4.94e+04
 9.378e+04 -9.378e+04
 -1.728e+05 1.728e+05
 -6.975e+05 6.975e+05
 -5.954e+05 5.954e+05
 -5.344e+05 5.344e+05
 -1.264e+05 1.264e+05
 2.971e+05 -2.971e+05
 2.719e+05 -2.719e+05
 6.006e+05 -6.006e+05
 3.137e+05 -3.137e+05
 2.66e+05 -2.66e+05
 -1.651e+05 1.651e+05
 -7.663e+04 7.663e+04
 1.984e+04 -1.984e+04
 -3.856e+05 3.856e+05
 2.106e+05 -2.106e+05
 -7.338e+05 7.338e+05
 1.235e+05 -1.235e+05
 4.142e+05 -4.142e+05
 -4.009e+05 4.009e+05
 -2.733e+05 2.733e+05
 6.831e+04 -6.831e+04
 3.16e+05 -3.16e+05
 -9.942e+04 9.942e+04
 -3.101e+05 3.101e+05
 -1.842e+05 1.842e+05
 4.18e+05 -4.18e+05
 2.88e+05 -2.88e+05
 7.352e+05 -7.352e+05
 -4.487e+04 4.487e+04
 -2.151e+05 2.151e+05
 3.673e+05 -3.673e+05
 9.752e+04 -9.752e+04
 1.162e+05 -1.162e+05
 -4.677e+05 4.677e+05
 -8.045e+05 8.045e+05
 6.427e+05 -6.427e+05
 6.378e+05 -6.378e+05
 -1.978e+05 1.978e+05
 -1.55e+05 1.55e+05
 8.274e+05 -8.274e+05
 -9.164e+04 9.164e+04
 3.543e+05 -3.543e+05
 2.984e+05 -2.984e+05
 -6.949e+05 6.949e+05
 -3.457e+05 3.457e+05
 -4.435e+05 4.435e+05
 2.128e+05 -2.128e+05
 8.206e+04 -8.206e+04
 7.121e+05 -7.121e+05
 1.142e+05 -1.142e+05
 -6.304e+05 6.304e+05
 -1.727e+05 1.727e+05
 -1.177e+06 1.177e+06
 8.495e+05 -8.495e+05
 -4.706e+05 4.706e+05
 1.163e+06 -1.163e+06
 -8.362e+04 8.362e+04
 -1.495e+05 1.495e+05
 3.112e+05 -3.112e+05
 3.202e+05 -3.202e+05
 -2.916e+05 2.916e+05
 -8.219e+05 8.219e+05
 -6.154e+05 6.154e+05
 -6.699e+05 6.699e+05
 4.098e+05 -4.098e+05
 -1.149e+05 1.149e+05
 -1.539e+05 1.539e+05
 -6.996e+05 6.996e+05
 1.254e+04 -1.254e+04
 2.486e+05 -2.486e+05
 -4.844e+05 4.844e+05
 -1.414e+05 1.414e+05
 -7.266e+04 7.266e+04
 -2.42e+05 2.42e+05
 -5.355e+05 5.355e+05
 -7.781e+04 7.781e+04
 -5.902e+05 5.902e+05
 -3.432e+05 3.432e+05
 -3.589e+05 3.589e+05
 -5.393e+05 5.393e+05
 2.097e+05 -2.097e+05
 -7.549e+05 7.549e+05
 -5.028e+05 5.028e+05
 1.931e+05 -1.931e+05
 -8.978e+04 8.978e+04
 2.623e+05 -2.623e+05
 7.219e+05 -7.219e+05
 -3.311e+05 3.311e+05
 -3.456e+05 3.456e+05
 -5.018e+05 5.018e+05
 -8.103e+04 8.103e+04
 -3.892e+05 3.892e+05
 2.926e+05 -2.926e+05
 2.132e+05 -2.132e+05
 1.904e+05 -1.904e+05
 2.552e+04 -2.552e+04
 -2.297e+05 2.297e+05
 1.494e+05 -1.494e+05
 8.062e+05 -8.062e+05
 -1.043e+04 1.043e+04
 -3.415e+05 3.415e+05
 8.654e+04 -8.654e+04
 2.413e+05 -2.413e+05
 -2.88e+05 2.88e+05
 6.711e+05 -6.711e+05
 -4.171e+05 4.171e+05
 -4.621e+05 4.621e+05
 2.369e+05 -2.369e+05
 3.801e+05 -3.801e+05
 -9.76e+05 9.76e+05
 5.246e+04 -5.246e+04
 -7.087e+04 7.087e+04
 -5.234e+04 5.234e+04
 -2.934e+05 2.934e+05
 -1.467e+05 1.467e+05
 7.052e+04 -7.052e+04
 -4.478e+05 4.478e+05
 2.126e+05 -2.126e+05
 5.292e+05 -5.292e+05
 -7.094e+04 7.094e+04
 -8.02e+05 8.02e+05
 4.946e+05 -4.946e+05
 1.9e+05 -1.9e+05
 7.348e+05 -7.348e+05
 -1.409e+05 1.409e+05
 1.531e+05 -1.531e+05
 6.563e+04 -6.563e+04
 -2.291e+05 2.291e+05
 2.971e+05 -2.971e+05
 -2.545e+05 2.545e+05
 1.967e+05 -1.967e+05
 3.526e+04 -3.526e+04
 -3.835e+04 3.835e+04
 7.173e+05 -7.173e+05
 1.385e+04 -1.385e+04
 1.195e+05 -1.195e+05
 -4.296e+04 4.296e+04
 -6.228e+04 6.228e+04
 -7.365e+05 7.365e+05
 1.754e+05 -1.754e+05
 -1.943e+05 1.943e+05
 1.314e+05 -1.314e+05
 3.025e+04 -3.025e+04
 -1.943e+05 1.943e+05
 -9.715e+04 9.715e+04
 -1.998e+05 1.998e+05
 8.872e+04 -8.872e+04
 -5.128e+05 5.128e+05
 4.855e+05 -4.855e+05
 2.371e+05 -2.371e+05
 -3.193e+05 3.193e+05
 -4.459e+05 4.459e+05
 -4.07e+04 4.07e+04
 -2.725e+05 2.725e+05
 2.025e+05 -2.025e+05
 3.425e+04 -3.425e+04
 -2.542e+05 2.542e+05
 -2.192e+05 2.192e+05
 1.139e+05 -1.139e+05
 -3.724e+05 3.724e+05
 3.535e+04 -3.535e+04
 -2.013e+04 2.013e+04
 -8.545e+05 8.545e+05
 2.686e+04 -2.686e+04
 -1.038e+06 1.038e+06
 -2.59e+05 2.59e+05
 -3.088e+05 3.088e+05
 -1.346e+05 1.346e+05
 -4.159e+05 4.159e+05
 2.479e+05 -2.479e+05
 -4.459e+05 4.459e+05
 8.213e+05 -8.213e+05
 1.583e+06 -1.583e+06
 -5.253e+05 5.253e+05
 -3.251e+05 3.251e+05
 -8.725e+05 8.725e+05
 2.017e+05 -2.017e+05
 2.788e+05 -2.788e+05
 9.593e+05 -9.593e+05
 2.381e+05 -2.381e+05
 -4.275e+05 4.275e+05
 3.93e+05 -3.93e+05
 -7.869e+05 7.869e+05
 -1.864e+05 1.864e+05
 -3.555e+05 3.555e+05
 -3.991e+05 3.991e+05
 -3.422e+05 3.422e+05
 -4.179e+04 4.179e+04
 -1.609e+05 1.609e+05
 4.562e+05 -4.562e+05
 8.388e+04 -8.388e+04
 3.507e+05 -3.507e+05
 2.758e+05 -2.758e+05
 -9.068e+05 9.068e+05
 -5.285e+05 5.285e+05
 -1.655e+05 1.655e+05
 -3.453e+05 3.453e+05
 4.079e+05 -4.079e+05
 8.353e+05 -8.353e+05
 -4.69e+05 4.69e+05
 -1.717e+05 1.717e+05
 -8.169e+05 8.169e+05
 -2.492e+05 2.492e+05
 6.326e+05 -6.326e+05
 4.148e+05 -4.148e+05
 -3.649e+04 3.649e+04
 2.896e+05 -2.896e+05
 -6.204e+05 6.204e+05
 2.318e+05 -2.318e+05
 1.18e+05 -1.18e+05
 -2.994e+05 2.994e+05
 8.927e+04 -8.927e+04
 -6.346e+05 6.346e+05
 3.784e+04 -3.784e+04
 -4.034e+05 4.034e+05
 6.655e+05 -6.655e+05
 -4.299e+05 4.299e+05
 -1.075e+05 1.075e+05
 -1.508e+05 1.508e+05
 -2.221e+05 2.221e+05
 -3.002e+05 3.002e+05
 1.022e+04 -1.022e+04
 3.086e+05 -3.086e+05
 -2.006e+05 2.006e+05
 -5.185e+05 5.185e+05
 5.711e+05 -5.711e+05
 -2.838e+04 2.838e+04
 1.493e+05 -1.493e+05
 4.23e+05 -4.23e+05
 -5.363e+05 5.363e+05
 -7.029e+05 7.029e+05
 1.366e+05 -1.366e+05
 -3.708e+05 3.708e+05
 -7.045e+05 7.045e+05
 -2.534e+05 2.534e+05
 -4.732e+05 4.732e+05
 3.626e+05 -3.626e+05
 3.735e+05 -3.735e+05
 3.935e+05 -3.935e+05
 -5.947e+04 5.947e+04
 2.423e+05 -2.423e+05
 -1.75e+05 1.75e+05
 -1.851e+05 1.851e+05
 3684 -3684
 8.312e+05 -8.312e+05
 2.202e+04 -2.202e+04
 4.643e+05 -4.643e+05
 8.102e+05 -8.102e+05
 -4.737e+05 4.737e+05
 9.712e+04 -9.712e+04
 -4.817e+05 4.817e+05
 5.664e+05 -5.664e+05
 -5.176e+05 5.176e+05
 -1.651e+04 1.651e+04
 3.545e+05 -3.545e+05
 6.535e+05 -6.535e+05
 2.753e+05 -2.753e+05
 -2.424e+05 2.424e+05
 5.531e+05 -5.531e+05
 -4.825e+05 4.825e+05
 -3.096e+05 3.096e+05
 4.567e+05 -4.567e+05


