# Created by Octave 4.2.2, Mon Sep 28 11:49:31 2020 CEST <david@david-Lenovo-ideapad-520-15IKB>
# name: w
# type: matrix
# rows: 101
# columns: 20
 -1.846e+07 -1.845e+07 -1.846e+07 -1.844e+07 -1.845e+07 -1.846e+07 -1.847e+07 -1.847e+07 -1.848e+07 -1.846e+07 -1.847e+07 -1.847e+07 -1.844e+07 -1.845e+07 -1.846e+07 -1.844e+07 -1.845e+07 -1.847e+07 -1.846e+07 -1.847e+07
 -1.454e+06 -1.443e+06 -1.443e+06 -1.443e+06 -1.442e+06 -1.442e+06 -1.44e+06 -1.445e+06 -1.443e+06 -1.444e+06 -1.443e+06 -1.432e+06 -1.448e+06 -1.454e+06 -1.439e+06 -1.446e+06 -1.423e+06 -1.444e+06 -1.42e+06 -1.445e+06
 -2.804e+05 -2.803e+05 -2.74e+05 -2.767e+05 -2.791e+05 -2.685e+05 -2.677e+05 -2.705e+05 -2.686e+05 -2.67e+05 -2.693e+05 -2.231e+05 -2.682e+05 -2.793e+05 -2.79e+05 -2.723e+05 -2.658e+05 -2.572e+05 -2.824e+05 -2.804e+05
 -3.692e+05 -3.559e+05 -3.526e+05 -3.493e+05 -3.579e+05 -3.564e+05 -3.578e+05 -3.71e+05 -3.523e+05 -3.609e+05 -3.558e+05 -3.59e+05 -3.517e+05 -3.607e+05 -3.478e+05 -3.554e+05 -2.859e+05 -3.66e+05 -3.352e+05 -3.568e+05
 -7.589e+04 -6.979e+04 -7.12e+04 -7.11e+04 -7.003e+04 -6.731e+04 -6.523e+04 -7.292e+04 -6.741e+04 -7.175e+04 -6.721e+04 -7.291e+04 -7.666e+04 -7.803e+04 -7.101e+04 -7.281e+04 -8.308e+04 -3060 -3.063e+04 -6.263e+04
 -1.267e+06 -1.271e+06 -1.271e+06 -1.272e+06 -1.27e+06 -1.271e+06 -1.27e+06 -1.265e+06 -1.27e+06 -1.271e+06 -1.273e+06 -1.261e+06 -1.261e+06 -1.277e+06 -1.273e+06 -1.271e+06 -1.264e+06 -1.27e+06 -1.262e+06 -1.267e+06
 -6.502e+05 -6.58e+05 -6.644e+05 -6.585e+05 -6.599e+05 -6.553e+05 -6.389e+05 -6.596e+05 -6.496e+05 -6.148e+05 -6.062e+05 -6.596e+05 -6.568e+05 -6.658e+05 -6.619e+05 -6.676e+05 -6.591e+05 -6.56e+05 -6.608e+05 -6.517e+05
 -8.843e+04 -8.005e+04 -7.792e+04 -7.912e+04 -7.935e+04 -7.709e+04 -7.665e+04 -8.037e+04 -7.204e+04 -9.12e+04 -8.25e+04 -7.612e+04 -8.058e+04 -8.03e+04 -7.811e+04 -7.383e+04 -9.326e+04 2.93e+04 -5.667e+04 -6.346e+04
 -7.144e+04 -6.437e+04 -6.492e+04 -7.141e+04 -7.494e+04 -6.387e+04 -5.823e+04 -6.393e+04 -6.445e+04 -6.441e+04 -6.24e+04 6.686e+04 -9.351e+04 -7.013e+04 -3.521e+04 -6.986e+04 -7.079e+04 -6.536e+04 -9.73e+04 -6.857e+04
 -4.418e+05 -4.388e+05 -4.33e+05 -4.374e+05 -4.312e+05 -4.377e+05 -4.164e+05 -4.338e+05 -4.334e+05 -4.059e+05 -4.178e+05 -4.326e+05 -4.307e+05 -4.356e+05 -4.343e+05 -4.381e+05 -4.366e+05 -4.326e+05 -4.437e+05 -4.37e+05
 -3.202e+04 -3.202e+04 -3.002e+04 -3.598e+04 -3.621e+04 -3.548e+04 -2.986e+04 -3.334e+04 -3.088e+04 -3.402e+04 -3.122e+04 2.742e+04 -4.333e+04 -3.115e+04 -3.339e+04 -3.128e+04 -2.304e+04 -3.22e+04 -3.211e+04 -3.69e+04
 -6.118e+05 -6.038e+05 -6.048e+05 -6.041e+05 -6.046e+05 -6.017e+05 -5.997e+05 -6.042e+05 -6.006e+05 -6.056e+05 -6.013e+05 -6.005e+05 -6.1e+05 -6.148e+05 -6.04e+05 -6.136e+05 -5.592e+05 -6.02e+05 -6.01e+05 -5.846e+05
 -2.159e+05 -2.089e+05 -2.149e+05 -2.169e+05 -2.186e+05 -2.133e+05 -1.924e+05 -2.192e+05 -2.124e+05 -1.75e+05 -1.658e+05 -2.115e+05 -1.939e+05 -2.185e+05 -2.239e+05 -2.157e+05 -2.14e+05 -2.127e+05 -2.148e+05 -2.135e+05
 -1.012e+05 -6.317e+04 -1.195e+05 -1.095e+05 -9.381e+04 4.666e+04 -8.503e+04 -8.484e+04 -8.243e+04 -8.78e+04 -8.193e+04 -8.908e+04 -9.898e+04 -8.798e+04 -9.281e+04 -1.036e+05 -8.472e+04 -8.761e+04 -1.033e+05 -7.445e+04
 -2.471e+05 -2.597e+05 -2.527e+05 -2.022e+05 -2.22e+05 -2.554e+05 -2.31e+05 -2.486e+05 -2.458e+05 -2.448e+05 -2.463e+05 -2.452e+05 -2.553e+05 -2.516e+05 -2.47e+05 -2.466e+05 -2.476e+05 -2.464e+05 -2.504e+05 -2.493e+05
 -6.209e+05 -6.25e+05 -6.26e+05 -6.27e+05 -6.279e+05 -6.257e+05 -6.249e+05 -6.266e+05 -6.268e+05 -6.26e+05 -6.251e+05 -6.282e+05 -6.291e+05 -6.323e+05 -6.286e+05 -6.429e+05 -6.309e+05 -6.303e+05 -6.182e+05 -6.046e+05
 -7.072e+05 -7.131e+05 -7.135e+05 -7.151e+05 -7.15e+05 -7.112e+05 -7.08e+05 -7.078e+05 -7.09e+05 -7.138e+05 -7.07e+05 -7.044e+05 -7.181e+05 -7.15e+05 -7.134e+05 -7.131e+05 -7.03e+05 -7.022e+05 -6.881e+05 -7.042e+05
 -3.517e+05 -3.451e+05 -3.446e+05 -3.486e+05 -3.478e+05 -3.405e+05 -3.385e+05 -3.418e+05 -3.344e+05 -3.442e+05 -3.358e+05 -3.41e+05 -3.459e+05 -3.464e+05 -3.435e+05 -3.478e+05 -2.952e+05 -3.403e+05 -3.379e+05 -3.173e+05
 -4.34e+05 -4.291e+05 -4.292e+05 -4.279e+05 -4.331e+05 -4.271e+05 -4.264e+05 -4.282e+05 -4.288e+05 -4.36e+05 -4.257e+05 -4.322e+05 -4.3e+05 -4.308e+05 -4.308e+05 -4.317e+05 -4.35e+05 -3.843e+05 -4.215e+05 -4.243e+05
 -1.792e+06 -1.801e+06 -1.8e+06 -1.802e+06 -1.803e+06 -1.801e+06 -1.801e+06 -1.801e+06 -1.802e+06 -1.802e+06 -1.803e+06 -1.802e+06 -1.801e+06 -1.793e+06 -1.803e+06 -1.804e+06 -1.811e+06 -1.801e+06 -1.793e+06 -1.784e+06
 -9.167e+05 -9.295e+05 -9.292e+05 -9.301e+05 -9.315e+05 -9.291e+05 -9.285e+05 -9.305e+05 -9.305e+05 -9.327e+05 -9.291e+05 -9.281e+05 -9.311e+05 -9.335e+05 -9.292e+05 -9.293e+05 -9.264e+05 -9.346e+05 -9.342e+05 -9.2e+05
 -9.487e+05 -9.4e+05 -9.395e+05 -9.39e+05 -9.425e+05 -9.397e+05 -9.372e+05 -9.369e+05 -9.354e+05 -9.415e+05 -9.394e+05 -9.385e+05 -9.422e+05 -9.331e+05 -9.399e+05 -9.344e+05 -9.282e+05 -9.359e+05 -9.269e+05 -9.33e+05
 -7.429e+05 -7.533e+05 -7.49e+05 -7.72e+05 -6.702e+05 -7.559e+05 -7.386e+05 -7.48e+05 -7.41e+05 -7.523e+05 -7.405e+05 -7.372e+05 -7.464e+05 -7.395e+05 -7.479e+05 -7.567e+05 -7.583e+05 -7.482e+05 -7.573e+05 -7.094e+05
 -7.001e+05 -7.194e+05 -7.218e+05 -7.236e+05 -7.244e+05 -7.237e+05 -7.206e+05 -7.241e+05 -7.224e+05 -7.24e+05 -7.216e+05 -7.268e+05 -7.158e+05 -7.291e+05 -6.9e+05 -7.294e+05 -7.271e+05 -7.182e+05 -7.335e+05 -7.063e+05
 -1.608e+06 -1.588e+06 -1.605e+06 -1.589e+06 -1.593e+06 -1.593e+06 -1.596e+06 -1.603e+06 -1.602e+06 -1.602e+06 -1.606e+06 -1.605e+06 -1.589e+06 -1.6e+06 -1.593e+06 -1.601e+06 -1.603e+06 -1.601e+06 -1.608e+06 -1.606e+06
 -1.814e+05 -1.741e+05 -1.727e+05 -1.41e+05 -1.79e+05 -1.728e+05 -1.688e+05 -1.667e+05 -1.669e+05 -1.194e+05 -1.263e+05 -1.718e+05 -1.726e+05 -1.779e+05 -1.641e+05 -1.775e+05 -1.685e+05 -1.695e+05 -1.731e+05 -1.76e+05
 -1.475e+05 -1.42e+05 -1.419e+05 -1.435e+05 -1.481e+05 -1.372e+05 -1.29e+05 -1.354e+05 -1.364e+05 -5.114e+04 -5.422e+04 -1.33e+05 -1.491e+05 -1.42e+05 -1.391e+05 -1.409e+05 -1.447e+05 -1.384e+05 -1.538e+05 -1.468e+05
 -1.663e+06 -1.657e+06 -1.658e+06 -1.659e+06 -1.662e+06 -1.657e+06 -1.664e+06 -1.664e+06 -1.66e+06 -1.666e+06 -1.664e+06 -1.659e+06 -1.642e+06 -1.654e+06 -1.66e+06 -1.661e+06 -1.664e+06 -1.659e+06 -1.662e+06 -1.659e+06
 -6.409e+05 -6.562e+05 -6.567e+05 -6.556e+05 -6.573e+05 -6.535e+05 -6.531e+05 -6.549e+05 -6.511e+05 -6.552e+05 -6.509e+05 -6.56e+05 -6.549e+05 -6.581e+05 -6.563e+05 -6.289e+05 -6.581e+05 -6.526e+05 -6.71e+05 -6.206e+05
 -1.231e+06 -1.226e+06 -1.22e+06 -1.183e+06 -1.242e+06 -1.218e+06 -1.222e+06 -1.228e+06 -1.225e+06 -1.229e+06 -1.226e+06 -1.231e+06 -1.211e+06 -1.226e+06 -1.225e+06 -1.229e+06 -1.229e+06 -1.227e+06 -1.228e+06 -1.227e+06
 -1.696e+06 -1.689e+06 -1.695e+06 -1.691e+06 -1.688e+06 -1.683e+06 -1.685e+06 -1.68e+06 -1.685e+06 -1.658e+06 -1.683e+06 -1.688e+06 -1.692e+06 -1.67e+06 -1.678e+06 -1.686e+06 -1.684e+06 -1.685e+06 -1.688e+06 -1.697e+06
 -3.305e+05 -3.217e+05 -3.209e+05 -3.227e+05 -3.179e+05 -3.235e+05 -3.193e+05 -3.258e+05 -3.164e+05 -3.18e+05 -3.173e+05 -3.242e+05 -3.298e+05 -3.299e+05 -3.215e+05 -3.406e+05 -2.547e+05 -3.034e+05 -3.232e+05 -3.105e+05
 -2.968e+05 -2.96e+05 -2.984e+05 -3.027e+05 -2.975e+05 -2.958e+05 -2.84e+05 -2.899e+05 -2.842e+05 -2.292e+05 -2.312e+05 -2.887e+05 -3.094e+05 -2.992e+05 -2.822e+05 -2.984e+05 -2.912e+05 -2.868e+05 -3.038e+05 -2.838e+05
 -2.55e+05 -2.385e+05 -2.356e+05 -2.354e+05 -2.387e+05 -2.312e+05 -2.272e+05 -2.304e+05 -2.275e+05 -2.32e+05 -2.273e+05 -2.328e+05 -2.391e+05 -2.345e+05 -2.38e+05 -1.776e+05 -2.369e+05 -2.449e+05 -2.507e+05 -1.952e+05
 -7.118e+05 -7.045e+05 -7.044e+05 -7.052e+05 -7.055e+05 -7.054e+05 -7.049e+05 -7.048e+05 -7.055e+05 -7.062e+05 -7.038e+05 -7.08e+05 -6.986e+05 -7.016e+05 -7.065e+05 -6.994e+05 -6.808e+05 -7.052e+05 -7.029e+05 -7.01e+05
 -1.41e+05 -1.349e+05 -1.298e+05 -1.382e+05 -1.327e+05 -1.264e+05 -1.124e+05 -1.23e+05 -1.169e+05 -2.505e+04 -1.09e+05 -1.239e+05 -1.419e+05 -1.349e+05 -1.274e+05 -1.36e+05 -1.318e+05 -1.188e+05 -1.451e+05 -1.272e+05
 -1.863e+05 -2.095e+05 -2.108e+05 -2.288e+05 -1.746e+05 -2.075e+05 -4.617e+04 -1.785e+05 -1.814e+05 -1.83e+05 -1.814e+05 -2.12e+05 -1.921e+05 -1.652e+05 -1.97e+05 -1.817e+05 -1.82e+05 -1.791e+05 -1.797e+05 -1.814e+05
 -3.079e+05 -3.252e+05 -3.188e+05 -3.194e+05 -3.152e+05 -2.805e+05 -3.122e+05 -2.84e+05 -3.075e+05 -3.082e+05 -3.043e+05 -2.716e+05 -3.153e+05 -3.085e+05 -3.142e+05 -3.094e+05 -3.073e+05 -3.089e+05 -3.065e+05 -3.103e+05
 -3.644e+04 -2.636e+04 -2.62e+04 -2.765e+04 -2.697e+04 -2.507e+04 -2.373e+04 -4.437e+04 -2.422e+04 -2.602e+04 -2.387e+04 -2.614e+04 -2.874e+04 -2.918e+04 -2.603e+04 -3.023e+04 -2.939e+04 3.76e+04 -1.183e+04 -2.852e+04
 -2.13e+04 -2.174e+04 -2.178e+04 -2.395e+04 -2.37e+04 -2.283e+04 -1.913e+04 -2.2e+04 -1.776e+04 -8.601e+04 8.722e+04 -1.903e+04 -2.553e+04 -2.47e+04 -2.342e+04 -2.507e+04 -2.444e+04 -1.92e+04 -1.979e+04 -1.829e+04
 -6.726e+05 -6.676e+05 -6.802e+05 -6.731e+05 -6.713e+05 -6.566e+05 -6.763e+05 -6.784e+05 -6.806e+05 -6.813e+05 -6.755e+05 -6.783e+05 -6.689e+05 -6.614e+05 -6.014e+05 -6.816e+05 -6.795e+05 -6.797e+05 -6.766e+05 -6.964e+05
 -1.662e+05 -1.59e+05 -1.551e+05 -1.534e+05 -1.573e+05 -1.54e+05 -1.492e+05 -1.508e+05 -1.469e+05 -8.42e+04 -9.225e+04 -1.533e+05 -1.562e+05 -1.489e+05 -1.372e+05 -1.573e+05 -1.572e+05 -1.512e+05 -1.767e+05 -1.598e+05
 -9.022e+05 -9.033e+05 -9.025e+05 -9.053e+05 -9.024e+05 -9.025e+05 -8.784e+05 -8.066e+05 -8.832e+05 -9.053e+05 -8.968e+05 -8.998e+05 -8.672e+05 -9.076e+05 -9.053e+05 -9.072e+05 -9.03e+05 -8.968e+05 -9.017e+05 -8.977e+05
 -2.695e+06 -2.709e+06 -2.709e+06 -2.708e+06 -2.709e+06 -2.707e+06 -2.707e+06 -2.709e+06 -2.707e+06 -2.708e+06 -2.707e+06 -2.708e+06 -2.711e+06 -2.71e+06 -2.711e+06 -2.694e+06 -2.709e+06 -2.708e+06 -2.711e+06 -2.702e+06
 -4.616e+05 -4.644e+05 -4.646e+05 -4.654e+05 -4.651e+05 -4.652e+05 -4.651e+05 -4.712e+05 -4.64e+05 -4.707e+05 -4.642e+05 -4.652e+05 -4.648e+05 -4.768e+05 -4.68e+05 -4.31e+05 -4.68e+05 -4.644e+05 -4.565e+05 -4.652e+05
 -6.256e+05 -6.117e+05 -6.118e+05 -6.198e+05 -6.115e+05 -6.197e+05 -6.188e+05 -6.132e+05 -6.187e+05 -6.004e+05 -5.824e+05 -6.184e+05 -6.08e+05 -6.067e+05 -6.203e+05 -6.126e+05 -6.336e+05 -6.163e+05 -6.056e+05 -6.103e+05
 -9.528e+04 -1.07e+05 -9.568e+04 -9.597e+04 -9.74e+04 -9.433e+04 -9.321e+04 -8.765e+04 -8.521e+04 -8.907e+04 -8.48e+04 2.906e+04 -9.673e+04 -9.247e+04 -9.666e+04 -9.108e+04 -6.432e+04 -8.606e+04 -9.759e+04 -9.365e+04
 -1.43e+07 -1.431e+07 -1.431e+07 -1.432e+07 -1.431e+07 -1.431e+07 -1.431e+07 -1.431e+07 -1.431e+07 -1.431e+07 -1.431e+07 -1.431e+07 -1.431e+07 -1.432e+07 -1.431e+07 -1.431e+07 -1.431e+07 -1.431e+07 -1.43e+07 -1.43e+07
 7900 -9.459e+04 -9.37e+04 -9.773e+04 -9.877e+04 -8.744e+04 -8.372e+04 -1.035e+05 -8.76e+04 -9.891e+04 -8.626e+04 -9.538e+04 -1.156e+05 -1.239e+05 -1.16e+05 -1.096e+05 -1.051e+05 -9.379e+04 -1.598e+05 -440
 -7.621e+04 -9.592e+04 -9.43e+04 -9.686e+04 -9.162e+04 -9.043e+04 -8.478e+04 -8.843e+04 -8.575e+04 -9.468e+04 -8.292e+04 -8.893e+04 -9.978e+04 -9.745e+04 2.755e+04 -9.938e+04 -9.34e+04 -8.614e+04 -1.033e+05 -9.768e+04
 -3.444e+05 -3.368e+05 -3.35e+05 -3.327e+05 -3.437e+05 -3.347e+05 -3.344e+05 -3.304e+05 -3.337e+05 -3.409e+05 -3.356e+05 -3.367e+05 -3.354e+05 -3.388e+05 -3.397e+05 -3.036e+05 -3.401e+05 -3.376e+05 -3.416e+05 -3.083e+05
 -5.693e+04 -4.52e+04 -4.346e+04 -4.563e+04 -4.524e+04 -4.443e+04 -4.453e+04 -4.297e+04 -4.507e+04 -4.988e+04 -4.528e+04 -4.784e+04 -4.764e+04 -4.784e+04 -5.29e+04 -5.052e+04 -5.165e+04 2.24e+04 -4.201e+04 -4.885e+04
 -6.759e+04 -3.098e+04 -2.719e+04 -2.821e+04 -3.257e+04 -2.428e+04 -2.354e+04 -2.235e+04 -2.125e+04 -2.628e+04 -2.237e+04 -2.365e+04 -2.842e+04 -3.247e+04 -3.254e+04 1.129e+05 -2.857e+04 -2.714e+04 -3.589e+04 -7.276e+04
 -7.472e+05 -7.83e+05 -7.842e+05 -7.842e+05 -7.814e+05 -7.838e+05 -7.806e+05 -7.835e+05 -7.818e+05 -7.852e+05 -7.815e+05 -7.846e+05 -7.839e+05 -7.906e+05 -7.862e+05 -7.898e+05 -7.798e+05 -7.8e+05 -7.913e+05 -7.641e+05
 -1.888e+05 -1.598e+05 -1.601e+05 -1.574e+05 -1.602e+05 -1.47e+05 -1.491e+05 -1.528e+05 -1.502e+05 -1.579e+05 -1.498e+05 -1.599e+05 -1.653e+05 -1.751e+05 -1.513e+05 -1.107e+05 -1.647e+05 -1.58e+05 -1.756e+05 -1.323e+05
 -6.356e+05 -6.539e+05 -6.542e+05 -6.586e+05 -6.571e+05 -6.55e+05 -6.494e+05 -6.519e+05 -6.55e+05 -6.571e+05 -6.555e+05 -6.499e+05 -6.539e+05 -6.57e+05 -6.52e+05 -6.394e+05 -6.607e+05 -6.379e+05 -6.333e+05 -6.588e+05
 -6.425e+05 -6.637e+05 -6.64e+05 -6.64e+05 -6.638e+05 -6.613e+05 -6.626e+05 -6.632e+05 -6.645e+05 -6.638e+05 -6.637e+05 -6.651e+05 -6.662e+05 -6.629e+05 -6.669e+05 -6.642e+05 -6.688e+05 -6.483e+05 -6.519e+05 -6.542e+05
 -7.72e+05 -7.334e+05 -7.433e+05 -7.692e+05 -7.797e+05 -7.629e+05 -7.758e+05 -7.729e+05 -7.717e+05 -7.762e+05 -7.724e+05 -7.698e+05 -7.799e+05 -7.806e+05 -7.765e+05 -7.784e+05 -7.783e+05 -7.719e+05 -7.744e+05 -7.736e+05
 -1.054e+05 -1.585e+05 -1.575e+05 -1.58e+05 -1.593e+05 -1.597e+05 -1.612e+05 -1.586e+05 -1.587e+05 -1.572e+05 -1.596e+05 -1.585e+05 -1.573e+05 -1.595e+05 -1.565e+05 -1.533e+05 -1.686e+05 -1.061e+05 -1.851e+05 -1.796e+05
 -1.424e+05 -1.22e+05 -1.237e+05 -1.301e+05 -1.293e+05 -1.144e+05 -1.061e+05 -1.096e+05 -8130 -1.207e+05 -1.138e+05 -1.18e+05 -1.369e+05 -1.317e+05 -1.172e+05 -1.266e+05 -1.27e+05 -1.166e+05 -1.261e+05 -1.257e+05
 -1.393e+05 -6.045e+04 -1.622e+05 -1.627e+05 -1.649e+05 -1.567e+05 -1.516e+05 -1.552e+05 -1.515e+05 -1.591e+05 -1.526e+05 -7.826e+04 -1.745e+05 -1.616e+05 -1.454e+05 -1.648e+05 -1.631e+05 -1.518e+05 -1.602e+05 -1.596e+05
 -6.701e+05 -6.84e+05 -6.825e+05 -6.842e+05 -6.836e+05 -6.817e+05 -6.798e+05 -6.82e+05 -6.795e+05 -6.837e+05 -6.803e+05 -6.823e+05 -6.857e+05 -6.894e+05 -6.849e+05 -6.713e+05 -6.867e+05 -6.861e+05 -6.944e+05 -6.634e+05
 -7.876e+04 -8.255e+04 -8.149e+04 -8.383e+04 -8.575e+04 -7.482e+04 -8.882e+04 -7.941e+04 -7.67e+04 -2.806e+04 -3.562e+04 -7.552e+04 -9.387e+04 -8.488e+04 -9.601e+04 -8.437e+04 -8.008e+04 -8.099e+04 -8.857e+04 -8.937e+04
 -4.668e+05 -4.658e+05 -4.397e+05 -4.716e+05 -4.556e+05 -3.766e+05 -4.601e+05 -4.535e+05 -4.498e+05 -4.586e+05 -4.576e+05 -4.686e+05 -4.822e+05 -4.58e+05 -4.715e+05 -4.666e+05 -4.604e+05 -4.582e+05 -4.712e+05 -4.635e+05
 -1.5e+06 -1.499e+06 -1.492e+06 -1.469e+06 -1.481e+06 -1.499e+06 -1.481e+06 -1.488e+06 -1.49e+06 -1.496e+06 -1.495e+06 -1.495e+06 -1.494e+06 -1.498e+06 -1.498e+06 -1.498e+06 -1.495e+06 -1.494e+06 -1.498e+06 -1.494e+06
 -7.67e+05 -7.576e+05 -7.49e+05 -7.243e+05 -7.306e+05 -7.527e+05 -7.467e+05 -7.563e+05 -7.574e+05 -7.595e+05 -7.561e+05 -7.584e+05 -7.476e+05 -7.684e+05 -7.604e+05 -7.63e+05 -7.628e+05 -7.578e+05 -7.666e+05 -7.617e+05
 -2.466e+05 -2.449e+05 -2.429e+05 -2.548e+05 -2.507e+05 -2.402e+05 -2.385e+05 -1.39e+05 -2.28e+05 -2.456e+05 -2.327e+05 -2.412e+05 -2.455e+05 -2.571e+05 -2.443e+05 -2.569e+05 -2.475e+05 -2.35e+05 -2.588e+05 -2.487e+05
 -6.847e+05 -6.883e+05 -6.724e+05 -6.624e+05 -6.615e+05 -6.794e+05 -6.726e+05 -6.777e+05 -6.743e+05 -6.821e+05 -6.764e+05 -6.728e+05 -6.666e+05 -6.828e+05 -6.786e+05 -6.744e+05 -6.783e+05 -6.771e+05 -6.792e+05 -6.807e+05
 -1.236e+06 -1.213e+06 -1.205e+06 -1.235e+06 -1.237e+06 -1.207e+06 -1.232e+06 -1.233e+06 -1.23e+06 -1.234e+06 -1.232e+06 -1.227e+06 -1.237e+06 -1.234e+06 -1.239e+06 -1.235e+06 -1.234e+06 -1.232e+06 -1.237e+06 -1.234e+06
 -1.922e+05 -2.06e+05 -2.081e+05 -2.041e+05 -2.111e+05 -2.088e+05 -1.929e+05 -2.043e+05 -1.948e+05 -1.496e+05 -1.724e+05 -2.018e+05 -2.075e+05 -2.114e+05 -2.038e+05 -2.117e+05 -2.126e+05 -1.99e+05 -1.976e+05 -1.979e+05
 -7.793e+05 -7.79e+05 -7.79e+05 -7.79e+05 -7.789e+05 -7.774e+05 -7.767e+05 -7.782e+05 -7.724e+05 -7.794e+05 -7.738e+05 -7.807e+05 -7.842e+05 -7.828e+05 -7.688e+05 -7.816e+05 -7.6e+05 -7.644e+05 -7.683e+05 -7.729e+05
 -6.817e+06 -6.823e+06 -6.823e+06 -6.824e+06 -6.823e+06 -6.824e+06 -6.823e+06 -6.823e+06 -6.822e+06 -6.823e+06 -6.822e+06 -6.82e+06 -6.824e+06 -6.81e+06 -6.823e+06 -6.821e+06 -6.819e+06 -6.822e+06 -6.808e+06 -6.824e+06
 -6.658e+04 -5.7e+04 -5.775e+04 -6.483e+04 -6.741e+04 -5.544e+04 -3.433e+04 -5.482e+04 -5.319e+04 -9.556e+04 8.521e+04 -5.477e+04 -6.141e+04 -6.526e+04 -5.834e+04 -6.117e+04 -6.008e+04 -4.946e+04 -6.721e+04 -6.304e+04
 -5.488e+05 -5.448e+05 -5.44e+05 -5.153e+05 -5.344e+05 -5.499e+05 -5.449e+05 -5.452e+05 -5.419e+05 -5.485e+05 -5.436e+05 -5.275e+05 -4.922e+05 -5.509e+05 -5.51e+05 -5.465e+05 -5.448e+05 -5.432e+05 -5.592e+05 -5.481e+05
 -1.777e+05 -1.974e+05 -1.953e+05 -1.964e+05 -1.958e+05 -1.902e+05 -1.848e+05 -1.938e+05 -1.845e+05 -2.015e+05 -1.835e+05 -1.926e+05 -2.02e+05 -1.971e+05 -1.966e+05 -1.93e+05 -2.024e+05 -8.894e+04 -1.559e+05 -1.984e+05
 -8.234e+05 -8.222e+05 -8.237e+05 -8.06e+05 -8.314e+05 -8.099e+05 -8.085e+05 -8.242e+05 -8.223e+05 -8.228e+05 -8.219e+05 -8.149e+05 -8.246e+05 -8.275e+05 -8.261e+05 -8.25e+05 -8.255e+05 -8.212e+05 -8.269e+05 -8.23e+05
 -1.51e+05 -1.477e+05 -1.392e+05 -1.523e+05 -1.529e+05 -1.532e+05 -1.495e+05 -1.097e+05 5.311e+04 -1.554e+05 -1.415e+05 -1.166e+05 -1.362e+05 -1.388e+05 -1.464e+05 -1.45e+05 -1.431e+05 -1.373e+05 -1.701e+05 -1.49e+05
 -1.018e+05 -8.883e+04 -8.458e+04 -9.655e+04 -9.53e+04 -8.502e+04 -6.494e+04 -9.256e+04 7.299e+04 -9.041e+04 -8.721e+04 -9.223e+04 -1.032e+05 -8.394e+04 -9.455e+04 -9.711e+04 -9.547e+04 -8.492e+04 -1.12e+05 -9.927e+04
 -2.698e+05 -2.589e+05 -2.603e+05 -2.597e+05 -2.571e+05 -2.584e+05 -2.552e+05 -2.533e+05 -2.544e+05 -2.58e+05 -2.536e+05 -2.629e+05 -2.602e+05 -2.66e+05 -2.632e+05 -2.573e+05 -2.497e+05 -2.656e+05 -2.345e+05 -2.532e+05
 -7.077e+05 -7.042e+05 -6.994e+05 -7.024e+05 -7.07e+05 -6.982e+05 -7.033e+05 -7.026e+05 -6.978e+05 -6.958e+05 -6.966e+05 -6.527e+05 -6.891e+05 -6.951e+05 -7.013e+05 -7.014e+05 -7.038e+05 -6.976e+05 -7.13e+05 -6.983e+05
 -1.185e+07 -1.185e+07 -1.185e+07 -1.185e+07 -1.185e+07 -1.185e+07 -1.185e+07 -1.185e+07 -1.185e+07 -1.185e+07 -1.185e+07 -1.185e+07 -1.185e+07 -1.184e+07 -1.185e+07 -1.185e+07 -1.185e+07 -1.185e+07 -1.183e+07 -1.185e+07
 -4.126e+05 -3.921e+05 -3.924e+05 -3.944e+05 -3.907e+05 -3.926e+05 -3.947e+05 -3.926e+05 -3.927e+05 -3.696e+05 -3.997e+05 -3.912e+05 -3.95e+05 -3.945e+05 -3.928e+05 -3.821e+05 -3.918e+05 -3.759e+05 -3.904e+05 -4.015e+05
 -2.894e+05 -3.012e+05 -2.969e+05 -3.006e+05 -3.038e+05 -2.977e+05 -2.961e+05 -2.968e+05 -2.935e+05 -2.974e+05 -2.949e+05 -2.968e+05 -3.035e+05 -3.043e+05 -2.955e+05 -2.581e+05 -2.964e+05 -3.022e+05 -3.068e+05 -2.958e+05
 -3.958e+05 -4.13e+05 -4.131e+05 -4.138e+05 -4.141e+05 -4.11e+05 -4.056e+05 -4.096e+05 -4.087e+05 -4.142e+05 -4.079e+05 -4.073e+05 -4.172e+05 -4.187e+05 -4.007e+05 -3.894e+05 -4.139e+05 -4.118e+05 -4.186e+05 -4.111e+05
 -8.44e+04 -6.947e+04 -6.84e+04 -6.88e+04 -6.82e+04 -6.746e+04 -6.303e+04 -6.948e+04 -6.447e+04 -7.387e+04 -6.456e+04 -7.259e+04 -7.122e+04 -7.214e+04 -7.347e+04 -7.597e+04 -8.085e+04 4.139e+04 -4.869e+04 -7.516e+04
 -3.173e+06 -3.188e+06 -3.188e+06 -3.176e+06 -3.18e+06 -3.183e+06 -3.182e+06 -3.185e+06 -3.185e+06 -3.188e+06 -3.187e+06 -3.186e+06 -3.183e+06 -3.181e+06 -3.181e+06 -3.188e+06 -3.189e+06 -3.186e+06 -3.183e+06 -3.182e+06
 -6.574e+05 -6.574e+05 -6.553e+05 -6.56e+05 -6.617e+05 -6.551e+05 -6.54e+05 -6.555e+05 -6.562e+05 -6.613e+05 -6.513e+05 -6.429e+05 -6.656e+05 -6.626e+05 -6.621e+05 -6.611e+05 -6.393e+05 -6.46e+05 -6.22e+05 -6.526e+05
 -1.236e+06 -1.224e+06 -1.146e+06 -1.225e+06 -1.248e+06 -1.207e+06 -1.23e+06 -1.229e+06 -1.23e+06 -1.235e+06 -1.229e+06 -1.234e+06 -1.246e+06 -1.234e+06 -1.236e+06 -1.237e+06 -1.234e+06 -1.23e+06 -1.235e+06 -1.233e+06
 -3.485e+05 -3.552e+05 -3.525e+05 -3.537e+05 -3.535e+05 -3.503e+05 -3.551e+05 -3.572e+05 -3.493e+05 -3.553e+05 -3.536e+05 -3.601e+05 -3.554e+05 -3.555e+05 -3.502e+05 -3.613e+05 -3.141e+05 -3.385e+05 -3.676e+05 -3.338e+05
 -6.678e+05 -6.566e+05 -6.872e+05 -7.194e+05 -6.062e+05 -7.019e+05 -6.862e+05 -6.84e+05 -6.773e+05 -6.864e+05 -6.818e+05 -6.823e+05 -7.008e+05 -6.872e+05 -6.795e+05 -6.899e+05 -6.884e+05 -6.818e+05 -6.969e+05 -6.812e+05
 -2.744e+05 -2.666e+05 -2.872e+05 -2.888e+05 -2.639e+05 -2.761e+05 -9.472e+04 -2.662e+05 -2.612e+05 -2.839e+05 -2.785e+05 -2.653e+05 -2.658e+05 -2.537e+05 -2.702e+05 -2.725e+05 -2.706e+05 -2.703e+05 -2.763e+05 -2.695e+05
 -8.007e+05 -8.137e+05 -8.258e+05 -8.288e+05 -8.26e+05 -8.203e+05 -8.175e+05 -8.224e+05 -8.172e+05 -8.266e+05 -8.189e+05 -8.198e+05 -8.203e+05 -8.259e+05 -7.328e+05 -8.246e+05 -8.242e+05 -8.208e+05 -8.332e+05 -8.045e+05
 -4.199e+05 -3.075e+05 -4.358e+05 -4.277e+05 -4.252e+05 -3.995e+05 -4.049e+05 -4.119e+05 -4.103e+05 -4.17e+05 -4.16e+05 -4.162e+05 -4.316e+05 -4.174e+05 -4.222e+05 -4.146e+05 -4.162e+05 -4.114e+05 -4.254e+05 -4.139e+05
 -1.326e+06 -1.325e+06 -1.306e+06 -1.286e+06 -1.309e+06 -1.328e+06 -1.315e+06 -1.323e+06 -1.321e+06 -1.326e+06 -1.323e+06 -1.322e+06 -1.324e+06 -1.327e+06 -1.326e+06 -1.326e+06 -1.32e+06 -1.322e+06 -1.324e+06 -1.324e+06
 -3.707e+04 -3.375e+04 -3.498e+04 -3.684e+04 -3.564e+04 -3.084e+04 -3.005e+04 -3.033e+04 -2.721e+04 -7.575e+04 9.876e+04 -2.952e+04 -3.994e+04 -3.575e+04 -3.367e+04 -3.895e+04 -3.56e+04 -2.821e+04 -4.102e+04 -3.155e+04
 -2.689e+04 -1.936e+04 -1.797e+04 -2e+04 -1.943e+04 -1.822e+04 -1.751e+04 -2.602e+04 -1.7e+04 -2.185e+04 -1.713e+04 -1.975e+04 -2.107e+04 -2.243e+04 -2.024e+04 -2.208e+04 -2.603e+04 1.461e+04 -3520 -2.191e+04
 -1.184e+06 -1.201e+06 -1.2e+06 -1.201e+06 -1.197e+06 -1.199e+06 -1.197e+06 -1.199e+06 -1.199e+06 -1.202e+06 -1.198e+06 -1.198e+06 -1.205e+06 -1.178e+06 -1.2e+06 -1.193e+06 -1.197e+06 -1.201e+06 -1.196e+06 -1.194e+06
 -4.27e+04 -2.738e+04 -2.667e+04 -2.707e+04 -2.63e+04 -2.546e+04 -2.345e+04 -2.361e+04 -2.455e+04 -2.745e+04 -2.374e+04 -3.084e+04 -3.337e+04 -3.344e+04 -2.671e+04 -3.144e+04 -2.689e+04 1290 -8270 -2.689e+04
 -5.814e+05 -5.848e+05 -5.497e+05 -5.713e+05 -5.706e+05 -5.586e+05 -5.761e+05 -5.66e+05 -5.673e+05 -5.608e+05 -5.508e+05 -5.617e+05 -5.688e+05 -5.68e+05 -5.766e+05 -5.676e+05 -5.633e+05 -5.68e+05 -5.648e+05 -5.703e+05
 -5.809e+04 -5.428e+04 -4.818e+04 -5.229e+04 -5.313e+04 -4.353e+04 -3.961e+04 -4.731e+04 -4.824e+04 -4.806e+04 -4.218e+04 7.589e+04 -5.561e+04 -5.116e+04 -4.783e+04 -5.133e+04 -3.472e+04 -4.947e+04 -8.514e+04 -6.377e+04
 -3.686e+04 -2.826e+04 -2.769e+04 -2.998e+04 -2.927e+04 -2.647e+04 -2.457e+04 -2.723e+04 -2.512e+04 -3.027e+04 -2.565e+04 -2.721e+04 -3.136e+04 -2.916e+04 -2.74e+04 -2.841e+04 -3.07e+04 2.494e+04 -2.232e+04 -3.077e+04


