# Created by Octave 4.2.2, Sat Sep 26 20:38:39 2020 CEST <david@david-Lenovo-ideapad-520-15IKB>
# name: w
# type: matrix
# rows: 197
# columns: 10
 -1.992e+05 -1.848e+05 -1.95e+05 -2.019e+05 -1.895e+05 -1.793e+05 -1.876e+05 -1.912e+05 -2.223e+05 -1.944e+05
 0 0 0 0 0 0 0 0 0 0
 0 0 0 0 0 0 0 0 0 0
 -1252 -923.9 -2433 -2618 -965.7 1528 -922.5 -1386 -2246 -1419
 -2656 -7895 -4694 -5032 -3494 -1732 -1963 9270 -5208 -6389
 -4010 -1.131e+04 -4126 -9346 -3806 -6283 -5486 1.309e+04 -7308 -1.259e+04
 -1.292e+04 -1.704e+04 -1.188e+04 -1.326e+04 -5415 -1.667e+04 -1.165e+04 571.6 -7307 -2.597e+04
 -2.217e+04 -2.913e+04 -2.188e+04 -2.003e+04 -2.704e+04 -3.185e+04 -3.027e+04 -2.051e+04 -2.287e+04 -2.801e+04
 -4.419e+04 -4.633e+04 -4.679e+04 -4.187e+04 -5.162e+04 -4.878e+04 -4.667e+04 -5.92e+04 -4.031e+04 -2.439e+04
 -5.511e+04 -4.785e+04 -5.307e+04 -5.519e+04 -6.316e+04 -5.324e+04 -5.47e+04 -6.504e+04 -5.058e+04 -3.934e+04
 -5.735e+04 -4.954e+04 -5.003e+04 -5.372e+04 -6.441e+04 -6.002e+04 -5.347e+04 -5.724e+04 -5.54e+04 -4.294e+04
 -4.898e+04 -4.455e+04 -5.054e+04 -4.9e+04 -4.089e+04 -4.991e+04 -5.094e+04 -4.601e+04 -4.931e+04 -5.318e+04
 -2.67e+04 -1.626e+04 -3.005e+04 -3.095e+04 -2.074e+04 -1.617e+04 -2.38e+04 -1.779e+04 -3.02e+04 -2.739e+04
 -1.387e+04 -4069 -1.254e+04 -1.739e+04 -3508 7713 -1.494e+04 -1.051e+04 -1.172e+04 -9257
 -590 -380 -360 -780 -70 690 -700 -280 -520 -910
 -68.2 -148.8 -564.2 -1240 -186 -161.2 -62 1240 -260.4 -1240
 -396.6 -1312 -622.1 -2404 719 -308.4 -399.9 1913 -577.4 -807.2
 -6026 -9353 -4483 -8115 -5081 -3632 -6128 6433 -1.137e+04 -9464
 -2.021e+04 -2.583e+04 -1.995e+04 -1.853e+04 -1.995e+04 -1.17e+04 -1.958e+04 1701 -1.758e+04 -3.016e+04
 -4.567e+04 -6.001e+04 -4.546e+04 -4.099e+04 -3.873e+04 -4.172e+04 -5.436e+04 -2.608e+04 -4.366e+04 -6.429e+04
 -7.515e+04 -9.193e+04 -7.668e+04 -7.195e+04 -7.381e+04 -7.395e+04 -7.9e+04 -5.049e+04 -7.913e+04 -7.901e+04
 -1.011e+05 -1.177e+05 -9.926e+04 -9.52e+04 -1.095e+05 -1.05e+05 -1.078e+05 -8.43e+04 -9.608e+04 -8.825e+04
 -1.174e+05 -1.311e+05 -1.153e+05 -1.151e+05 -1.388e+05 -1.226e+05 -1.217e+05 -1.055e+05 -1.078e+05 -9.479e+04
 -1.259e+05 -1.372e+05 -1.308e+05 -1.316e+05 -1.521e+05 -1.343e+05 -1.314e+05 -1.177e+05 -1.222e+05 -1.029e+05
 -1.321e+05 -1.338e+05 -1.347e+05 -1.361e+05 -1.493e+05 -1.295e+05 -1.386e+05 -1.211e+05 -1.249e+05 -1.161e+05
 -1.079e+05 -1.098e+05 -1.127e+05 -1.093e+05 -9.951e+04 -1.03e+05 -1.078e+05 -8.657e+04 -1.163e+05 -1.14e+05
 -7.376e+04 -6.455e+04 -7.658e+04 -6.792e+04 -6.122e+04 -5.538e+04 -7.44e+04 -5.876e+04 -7.909e+04 -7.679e+04
 -2.96e+04 -1.998e+04 -2.647e+04 -1.867e+04 -1.82e+04 2096 -3.025e+04 -2.327e+04 -3.058e+04 -2.585e+04
 -4813 -3031 -4018 -6920 -4190 7539 -4610 -1655 -4170 -5569
 -1236 -1281 -377.9 1544 -487.6 -1281 -212.1 -541.4 -552.2 -1205
 -4041 -2879 683.2 -2523 -1605 -3599 -4867 -1997 -3861 -3962
 -1.303e+04 -1.421e+04 -1.054e+04 -1.658e+04 -1.448e+04 -1.302e+04 -1.546e+04 -9077 -7223 -1.499e+04
 -3.609e+04 -3.944e+04 -3.544e+04 -3.255e+04 -3.737e+04 -2.841e+04 -3.899e+04 -2.045e+04 -2.951e+04 -4.654e+04
 -7.439e+04 -8.656e+04 -7.041e+04 -7.166e+04 -7.388e+04 -7.361e+04 -8.377e+04 -6.196e+04 -7.696e+04 -7.224e+04
 -8.922e+04 -1.084e+05 -8.905e+04 -9.07e+04 -9.573e+04 -9.347e+04 -9.631e+04 -8.672e+04 -8.897e+04 -8.155e+04
 -8.465e+04 -9.808e+04 -8.781e+04 -8.84e+04 -9.209e+04 -8.232e+04 -9.203e+04 -6.602e+04 -7.611e+04 -8.913e+04
 -7.569e+04 -7.592e+04 -7.405e+04 -7.631e+04 -9.038e+04 -7.498e+04 -8.076e+04 -6.128e+04 -7.992e+04 -8.075e+04
 -7.201e+04 -7.316e+04 -7.318e+04 -7.432e+04 -9.525e+04 -7.732e+04 -8.896e+04 -6.868e+04 -9.052e+04 -8.841e+04
 -1.034e+05 -1.12e+05 -1.141e+05 -1.182e+05 -1.174e+05 -1.161e+05 -1.248e+05 -1.116e+05 -1.088e+05 -1.13e+05
 -1.052e+05 -1.123e+05 -1.11e+05 -1.08e+05 -9.985e+04 -1.128e+05 -1.191e+05 -9.67e+04 -1.105e+05 -1.133e+05
 -6.295e+04 -6.413e+04 -6.863e+04 -4.8e+04 -6.148e+04 -5.775e+04 -6.559e+04 -4.973e+04 -5.463e+04 -5.98e+04
 -3.031e+04 -2.667e+04 -2.99e+04 -1.558e+04 -3.097e+04 -1.265e+04 -2.691e+04 -2.199e+04 -1.572e+04 -2.752e+04
 -1.108e+04 -6771 -7738 -5147 -7100 5558 -6995 -4908 -4158 -7797
 -338.6 -593.2 2578 -296.3 -2212 -655.5 -2355 -430.9 -2448 -611.6
 -2879 -2131 787.9 -3033 -3207 -2182 -4583 -2514 -2332 -1475
 -1.693e+04 -1.799e+04 -1.562e+04 -2.452e+04 -2.139e+04 -1.279e+04 -2.122e+04 -1.261e+04 -1.255e+04 -2.222e+04
 -4.788e+04 -5.478e+04 -4.252e+04 -6.223e+04 -5.425e+04 -4.533e+04 -5.843e+04 -4.786e+04 -4.811e+04 -4.059e+04
 -8.365e+04 -9.624e+04 -7.647e+04 -8.232e+04 -7.587e+04 -7.59e+04 -8.372e+04 -7.541e+04 -8.5e+04 -7.087e+04
 -7.119e+04 -8.432e+04 -6.888e+04 -7.365e+04 -6.583e+04 -7.067e+04 -7.828e+04 -6.554e+04 -6.672e+04 -7.329e+04
 -5.452e+04 -6.453e+04 -5.98e+04 -6.838e+04 -6.392e+04 -4.76e+04 -5.361e+04 -5.394e+04 -5.752e+04 -5.177e+04
 -3.332e+04 -4.598e+04 -4.546e+04 -5.432e+04 -5.883e+04 -3.075e+04 -5.555e+04 -4.812e+04 -6.675e+04 -4.406e+04
 -5.785e+04 -5.919e+04 -7.337e+04 -6.64e+04 -7.547e+04 -6.454e+04 -7.942e+04 -5.852e+04 -8.244e+04 -7.464e+04
 -1.109e+05 -1.11e+05 -1.217e+05 -1.215e+05 -1.129e+05 -1.156e+05 -1.272e+05 -1.074e+05 -1.171e+05 -1.147e+05
 -8.912e+04 -9.844e+04 -1.011e+05 -9.123e+04 -1e+05 -9.803e+04 -1.141e+05 -8.843e+04 -9.451e+04 -9.444e+04
 -4.82e+04 -5.569e+04 -5.51e+04 -4.086e+04 -5.124e+04 -5.364e+04 -5.856e+04 -5.456e+04 -3.898e+04 -4.65e+04
 -2.202e+04 -2.552e+04 -2.682e+04 -3813 -2.834e+04 -2.323e+04 -2.485e+04 -2.045e+04 -1.708e+04 -2.422e+04
 -6246 -9453 -4877 1439 -9075 -5642 -8801 -4795 -5462 -6852
 -1950 -1910 2360 -400 -1740 -2000 -750 -470 -1650 -640
 -1630 -3936 -488.2 -3962 -4367 -3551 -5405 -6319 -4495 -2077
 -2.183e+04 -2.221e+04 -2.637e+04 -3.031e+04 -2.647e+04 -1.138e+04 -2.327e+04 -2.576e+04 -1.649e+04 -1.682e+04
 -5.375e+04 -6.485e+04 -6.406e+04 -7.54e+04 -5.973e+04 -5.096e+04 -5.671e+04 -6.093e+04 -5.874e+04 -3.479e+04
 -6.952e+04 -8.655e+04 -7.607e+04 -8.252e+04 -6.031e+04 -6.714e+04 -7.779e+04 -7.565e+04 -7.021e+04 -6.624e+04
 -6.627e+04 -6.958e+04 -5.702e+04 -7.685e+04 -5.919e+04 -5.463e+04 -6.904e+04 -7.345e+04 -6.314e+04 -5.57e+04
 -5.409e+04 -6.527e+04 -6.068e+04 -6.731e+04 -5.841e+04 -4.228e+04 -5.715e+04 -6.556e+04 -5.249e+04 -4.59e+04
 -6.377e+04 -5.659e+04 -6.719e+04 -6.07e+04 -6.364e+04 -5.702e+04 -5.872e+04 -7.153e+04 -5.636e+04 -4.482e+04
 -9.264e+04 -7.378e+04 -9.283e+04 -8.214e+04 -8.73e+04 -1.135e+05 -9.714e+04 -9.174e+04 -1.027e+05 -8.666e+04
 -1.001e+05 -1.107e+05 -1.1e+05 -9.999e+04 -1.004e+05 -1.355e+05 -1.229e+05 -1.091e+05 -1.096e+05 -1.098e+05
 -5.416e+04 -6.892e+04 -6.94e+04 -7.06e+04 -7.123e+04 -8.116e+04 -8.258e+04 -7.032e+04 -6.679e+04 -5.803e+04
 -1.594e+04 -3.248e+04 -3.362e+04 -1.797e+04 -2.724e+04 -4.517e+04 -4.042e+04 -3.153e+04 -2.405e+04 -2.416e+04
 1236 -9427 -6129 623.8 -8018 -2.485e+04 -1.089e+04 -8669 -4810 -6529
 5231 -761.8 -669 -1003 -680.3 -5728 -977.2 -649.1 -766.4 -574.5
 -395.7 -406.3 439.4 -55.9 -376.4 -433.1 -154.8 -76.6 -295.1 -136.4
 -248.8 -6354 -5779 -8142 784.8 -5436 -3282 -6976 -2862 -6997
 -2.288e+04 -3.144e+04 -3.77e+04 -3.638e+04 -1.596e+04 -2.193e+04 -2.341e+04 -2.913e+04 -2.412e+04 -2.471e+04
 -5.242e+04 -6.223e+04 -7.037e+04 -6.869e+04 -4.633e+04 -4.664e+04 -5.416e+04 -6.856e+04 -5.171e+04 -4.433e+04
 -6.954e+04 -7.631e+04 -9.12e+04 -8.152e+04 -6.041e+04 -6.365e+04 -7.121e+04 -8.336e+04 -6.076e+04 -5.937e+04
 -6.368e+04 -7.228e+04 -7.615e+04 -7.324e+04 -5.4e+04 -6.396e+04 -6.776e+04 -8.318e+04 -5.95e+04 -5.925e+04
 -6.505e+04 -6.552e+04 -7.638e+04 -6.72e+04 -6.316e+04 -5.836e+04 -7.19e+04 -8.225e+04 -6.855e+04 -5.273e+04
 -1.068e+05 -8.22e+04 -9.854e+04 -9.134e+04 -9.625e+04 -1e+05 -1.041e+05 -1.06e+05 -9.594e+04 -8.361e+04
 -1.246e+05 -1.128e+05 -1.154e+05 -1.074e+05 -1.09e+05 -1.224e+05 -1.267e+05 -1.179e+05 -1.189e+05 -1.087e+05
 -9.075e+04 -8.346e+04 -8.719e+04 -7.877e+04 -8.719e+04 -9.639e+04 -9.806e+04 -8.48e+04 -8.959e+04 -7.85e+04
 -4.017e+04 -4.321e+04 -4.387e+04 -4.016e+04 -4.395e+04 -5.173e+04 -5.777e+04 -4.615e+04 -4.606e+04 -2.84e+04
 -3826 -1.913e+04 -1.332e+04 -1.735e+04 -1.216e+04 -2.998e+04 -3.138e+04 -1.938e+04 -1.863e+04 -1.452e+04
 7295 -4966 -3090 -8492 -5527 -1.566e+04 -7220 -5231 -1312 -3590
 4478 -330.5 -535.8 -1129 -458.7 -4255 -759 -400.3 -554 -408.1
 1356 -767.9 -3121 -717.2 1070 -1804 -45.02 -925.3 -833.6 -873.4
 -3216 -8222 -1.463e+04 -1.477e+04 1390 -7692 -6925 -1.486e+04 -1.166e+04 -7628
 -1.357e+04 -2.088e+04 -3.518e+04 -3.359e+04 -1.092e+04 -1.603e+04 -2.043e+04 -2.849e+04 -2.765e+04 -2.249e+04
 -5.387e+04 -5.923e+04 -6.41e+04 -4.857e+04 -3.887e+04 -4.898e+04 -4.693e+04 -6.053e+04 -5.803e+04 -5.554e+04
 -6.902e+04 -7.851e+04 -8.75e+04 -8.18e+04 -6.368e+04 -5.96e+04 -7.936e+04 -8.119e+04 -7.704e+04 -8.047e+04
 -8.953e+04 -9.15e+04 -1.017e+05 -9.118e+04 -8.601e+04 -7.434e+04 -8.723e+04 -1.045e+05 -8.005e+04 -8.374e+04
 -1.194e+05 -1.003e+05 -1.077e+05 -9.189e+04 -1.03e+05 -9.608e+04 -1.13e+05 -1.153e+05 -9.687e+04 -1.025e+05
 -1.344e+05 -1.104e+05 -1.271e+05 -1.166e+05 -1.15e+05 -1.268e+05 -1.277e+05 -1.298e+05 -1.17e+05 -1.24e+05
 -1.138e+05 -9.853e+04 -1.136e+05 -9.775e+04 -1.011e+05 -1.036e+05 -1.117e+05 -1.126e+05 -1.011e+05 -1.03e+05
 -7.243e+04 -6.301e+04 -5.775e+04 -5.784e+04 -5.793e+04 -6.128e+04 -6.475e+04 -6.408e+04 -7.715e+04 -5.459e+04
 -3.945e+04 -3.68e+04 -3.138e+04 -3.936e+04 -2.919e+04 -3.409e+04 -4.406e+04 -3.207e+04 -4.564e+04 -3.831e+04
 -9732 -1.752e+04 -1.698e+04 -1.77e+04 -1.268e+04 -2.795e+04 -2.146e+04 -1.879e+04 -2.108e+04 -2.034e+04
 6261 -4287 -7835 -2877 -4813 -1.842e+04 -5952 -6005 -3977 -4488
 1319 -277.6 -957.5 -671.8 -280.7 -1015 -575.2 -406.1 -439 -365.5
 -170.6 -2515 -6096 -1958 3894 -4170 814.8 -1339 -2687 -4409
 58.79 -1.092e+04 -1.823e+04 -1.401e+04 1428 -1.498e+04 -8000 -1.443e+04 -1.54e+04 -1.16e+04
 -1.508e+04 -2.125e+04 -2.155e+04 -2.654e+04 -9525 -2.841e+04 -2.093e+04 -2.133e+04 -3.425e+04 -2.575e+04
 -3.859e+04 -4.32e+04 -4.24e+04 -4.398e+04 -3.752e+04 -4.313e+04 -3.863e+04 -4.419e+04 -5.687e+04 -4.656e+04
 -7.104e+04 -8.048e+04 -6.927e+04 -7.088e+04 -6.005e+04 -6.729e+04 -6.021e+04 -7.517e+04 -6.318e+04 -7.145e+04
 -9.037e+04 -8.773e+04 -8.263e+04 -7.685e+04 -8.156e+04 -8.222e+04 -8.707e+04 -9.572e+04 -7.89e+04 -8.633e+04
 -1.193e+05 -1.043e+05 -1.078e+05 -1.024e+05 -1.076e+05 -1.1e+05 -1.142e+05 -1.158e+05 -9.58e+04 -1.164e+05
 -1.175e+05 -1.03e+05 -1.185e+05 -1.081e+05 -1.1e+05 -1.151e+05 -1.143e+05 -1.129e+05 -1.149e+05 -1.106e+05
 -8.806e+04 -6.952e+04 -8.653e+04 -7.291e+04 -7.489e+04 -8.377e+04 -8.014e+04 -8.609e+04 -7.796e+04 -7.539e+04
 -5.746e+04 -5.203e+04 -5.243e+04 -4.928e+04 -4.563e+04 -5.213e+04 -4.751e+04 -5.649e+04 -6.374e+04 -5.086e+04
 -4.236e+04 -4.144e+04 -4.195e+04 -3.32e+04 -4.033e+04 -3.933e+04 -3.673e+04 -4.097e+04 -5.28e+04 -4.587e+04
 -8298 -1.752e+04 -2.83e+04 -2.043e+04 -1.686e+04 -1.906e+04 -1.633e+04 -1.823e+04 -2.633e+04 -2.471e+04
 5012 -5734 -1.465e+04 -253.9 -3145 -1.698e+04 -3301 -8062 -5232 -5640
 -466.8 -456.2 -1590 1654 -295.8 -2296 -601.9 -723.4 -471.5 -675.4
 1845 -4575 -7823 -3344 -2182 -2481 -858.1 -4026 -2666 -2718
 1580 -1.397e+04 -1.111e+04 -1.641e+04 -7580 -2.326e+04 -9702 -1.411e+04 -1.504e+04 -1.287e+04
 -6774 -1.72e+04 -1.57e+04 -2.76e+04 -9825 -3.739e+04 -1.872e+04 -1.93e+04 -1.411e+04 -1.886e+04
 -2.673e+04 -4.258e+04 -3.695e+04 -5.468e+04 -2.782e+04 -5.905e+04 -2.808e+04 -3.918e+04 -2.713e+04 -4.227e+04
 -5.685e+04 -5.747e+04 -5.792e+04 -7.156e+04 -4.957e+04 -7.709e+04 -4.826e+04 -6.011e+04 -4.715e+04 -6.1e+04
 -7.2e+04 -6.877e+04 -6.996e+04 -7.683e+04 -6.864e+04 -9.049e+04 -7.642e+04 -7.37e+04 -6.256e+04 -8.273e+04
 -1.043e+05 -8.746e+04 -9.079e+04 -1.105e+05 -9.146e+04 -1.047e+05 -1.032e+05 -9.886e+04 -8.87e+04 -1.016e+05
 -9.934e+04 -8.736e+04 -7.474e+04 -9.693e+04 -7.805e+04 -9.101e+04 -7.971e+04 -8.683e+04 -8.379e+04 -9.07e+04
 -7.854e+04 -6.681e+04 -6.2e+04 -6.704e+04 -6.761e+04 -7.487e+04 -5.614e+04 -7.085e+04 -5.819e+04 -6.142e+04
 -5.587e+04 -5.956e+04 -5.642e+04 -4.783e+04 -5.143e+04 -5.661e+04 -5.613e+04 -5.569e+04 -5.528e+04 -6.297e+04
 -3.798e+04 -4.39e+04 -5.3e+04 -3.442e+04 -4.193e+04 -4.193e+04 -2.999e+04 -4.509e+04 -5.056e+04 -4.704e+04
 -1.558e+04 -1.874e+04 -3.204e+04 -1.758e+04 -2.355e+04 -2.047e+04 -1.309e+04 -2.318e+04 -2.744e+04 -2.69e+04
 -8536 -9641 -1.582e+04 -2584 -9365 -1.28e+04 366.6 -8655 -9666 -9496
 -3436 -4557 -481.6 -4907 -5236 -1783 -4134 -3053 -5548 -4007
 -1452 -7069 -5362 -7791 -8907 -2418 -4239 -6067 -6739 -6228
 -1.77e+04 -3.017e+04 -2.236e+04 -2.343e+04 -2.928e+04 -1.621e+04 -2.561e+04 -2.413e+04 -2.376e+04 -3.026e+04
 -2.749e+04 -3.809e+04 -2.228e+04 -4.309e+04 -3.639e+04 -4.824e+04 -3.664e+04 -3.62e+04 -2.521e+04 -4.283e+04
 -5.036e+04 -5.711e+04 -4.134e+04 -7.511e+04 -5.234e+04 -7.24e+04 -4.395e+04 -5.624e+04 -3.503e+04 -6.053e+04
 -6.592e+04 -6.164e+04 -5.752e+04 -8.301e+04 -6.302e+04 -8.276e+04 -5.818e+04 -6.258e+04 -4.903e+04 -7.722e+04
 -8.802e+04 -7.322e+04 -7.172e+04 -9.755e+04 -7.845e+04 -9.434e+04 -7.991e+04 -8.212e+04 -8.033e+04 -8.789e+04
 -9.467e+04 -8.692e+04 -7.963e+04 -1.002e+05 -8.216e+04 -8.616e+04 -7.578e+04 -8.39e+04 -9.314e+04 -8.332e+04
 -7.875e+04 -6.792e+04 -6.116e+04 -7.335e+04 -6.747e+04 -6.384e+04 -5.37e+04 -6.236e+04 -6.915e+04 -6.473e+04
 -5.622e+04 -6.599e+04 -4.929e+04 -5.897e+04 -5.429e+04 -6.48e+04 -5.378e+04 -5.916e+04 -5.567e+04 -5.391e+04
 -5.012e+04 -6.411e+04 -5.164e+04 -4.407e+04 -5.796e+04 -5.513e+04 -5.384e+04 -5.368e+04 -6.148e+04 -6.51e+04
 -4.535e+04 -4.901e+04 -3.661e+04 -2.889e+04 -5.145e+04 -4.721e+04 -3.888e+04 -4.758e+04 -5.533e+04 -5.007e+04
 -2.293e+04 -2.071e+04 -1.529e+04 -1.715e+04 -3.223e+04 -1.934e+04 -2.364e+04 -2.366e+04 -2.727e+04 -2.511e+04
 -1.12e+04 -1.17e+04 -6694 -2954 -1.445e+04 -1.081e+04 -4432 -1.186e+04 -1.676e+04 -9559
 -4125 -3922 -279.2 -3070 -1656 -580.1 89.82 -2948 -2574 -1639
 -1.187e+04 -1.198e+04 -9264 -6649 -1.337e+04 1395 -1.483e+04 -1.002e+04 -1.211e+04 -1.108e+04
 -3.555e+04 -4.086e+04 -2.786e+04 -2.627e+04 -4.324e+04 -2.069e+04 -3.505e+04 -3.446e+04 -3e+04 -4.075e+04
 -6.034e+04 -6.855e+04 -5.011e+04 -5.88e+04 -6.708e+04 -4.588e+04 -6.001e+04 -6.151e+04 -5.168e+04 -6.823e+04
 -7.132e+04 -8.214e+04 -7.548e+04 -8.415e+04 -8.466e+04 -5.91e+04 -6.507e+04 -7.175e+04 -6.929e+04 -8.991e+04
 -8.339e+04 -7.972e+04 -7.795e+04 -8.949e+04 -9.196e+04 -6.771e+04 -6.942e+04 -7.908e+04 -8.319e+04 -8.676e+04
 -9.436e+04 -7.995e+04 -8.188e+04 -9.215e+04 -8.937e+04 -8.367e+04 -7.297e+04 -8.523e+04 -1.049e+05 -7.96e+04
 -7.99e+04 -7.158e+04 -6.577e+04 -7.607e+04 -7.532e+04 -7.696e+04 -5.382e+04 -7.429e+04 -7.181e+04 -7.496e+04
 -5.898e+04 -6.512e+04 -4.87e+04 -6.002e+04 -5.849e+04 -6.542e+04 -5.606e+04 -6.423e+04 -6.302e+04 -6.251e+04
 -4.984e+04 -5.977e+04 -4.848e+04 -5.096e+04 -5.571e+04 -5.726e+04 -5.925e+04 -5.636e+04 -5.651e+04 -6.515e+04
 -5.22e+04 -6.032e+04 -4.114e+04 -4.398e+04 -5.371e+04 -5.169e+04 -4.215e+04 -5.046e+04 -5.316e+04 -5.984e+04
 -4.229e+04 -4.025e+04 -3.24e+04 -2.734e+04 -4.227e+04 -3.864e+04 -2.907e+04 -3.747e+04 -3.746e+04 -3.972e+04
 -3.037e+04 -2.126e+04 -1.891e+04 -2.375e+04 -2.92e+04 -1.389e+04 -2.104e+04 -2.627e+04 -2.184e+04 -2.454e+04
 -1.055e+04 -1.155e+04 2049 -1.207e+04 -1.378e+04 -9491 -1.184e+04 -1.17e+04 -1.621e+04 -1.121e+04
 -4033 -3701 8083 -5058 -4447 -5741 -4418 -2991 -7078 -3445
 -6069 -5564 -4818 -9241 -1.06e+04 -5483 -7019 -8176 -1404 -6765
 -3.757e+04 -3.393e+04 -2.413e+04 -3.4e+04 -4.107e+04 -2.06e+04 -3.781e+04 -3.966e+04 -2.574e+04 -4.181e+04
 -6.837e+04 -7.296e+04 -5.81e+04 -6.461e+04 -7.599e+04 -6.827e+04 -6.868e+04 -7.727e+04 -7.617e+04 -7.782e+04
 -9.7e+04 -9.197e+04 -9.24e+04 -8.804e+04 -1.068e+05 -9.647e+04 -8.837e+04 -1.011e+05 -9.79e+04 -1.025e+05
 -1.012e+05 -1.009e+05 -1.023e+05 -9.621e+04 -1.051e+05 -1.013e+05 -9.081e+04 -1.038e+05 -1.109e+05 -1.056e+05
 -9.299e+04 -8.621e+04 -9.16e+04 -9.174e+04 -9.124e+04 -8.644e+04 -8.375e+04 -9.342e+04 -1.004e+05 -1.01e+05
 -7.995e+04 -7.777e+04 -8.093e+04 -8.829e+04 -8.513e+04 -7.423e+04 -7.948e+04 -8.704e+04 -7.986e+04 -8.92e+04
 -7.001e+04 -7.23e+04 -5.866e+04 -7.121e+04 -6.82e+04 -6.808e+04 -6.796e+04 -7.918e+04 -7.487e+04 -8.246e+04
 -7.07e+04 -6.869e+04 -4.872e+04 -7.181e+04 -6.618e+04 -5.532e+04 -5.739e+04 -7.501e+04 -6.799e+04 -7.765e+04
 -5.984e+04 -5.439e+04 -3.536e+04 -4.527e+04 -5.187e+04 -4.998e+04 -3.927e+04 -5.663e+04 -5.339e+04 -5.906e+04
 -3.874e+04 -3.386e+04 -1.436e+04 -3.378e+04 -3.403e+04 -2.938e+04 -2.994e+04 -4.005e+04 -3.759e+04 -3.535e+04
 -2.188e+04 -1.962e+04 2415 -2.378e+04 -1.862e+04 -1.568e+04 -2.106e+04 -2.867e+04 -2.308e+04 -1.752e+04
 -1.016e+04 -5737 1639 -7304 -6366 -3405 -7172 -8625 -8878 -7012
 -384.4 -391.4 1456 -321.4 -384.9 -618.9 -1037 -451.4 -1226 -316.7
 -2516 -1989 -68.89 -688.8 -3555 -3554 -2892 -3248 -1552 -4076
 -3.328e+04 -1.676e+04 -2.38e+04 -2.761e+04 -3.351e+04 -2.155e+04 -3.118e+04 -3.587e+04 -2.317e+04 -3.526e+04
 -6.584e+04 -5.999e+04 -5.414e+04 -6.748e+04 -7.256e+04 -6.14e+04 -5.757e+04 -6.937e+04 -7.519e+04 -7.155e+04
 -9.755e+04 -1.026e+05 -1.002e+05 -9.739e+04 -1.092e+05 -1.089e+05 -9.62e+04 -1.085e+05 -1.01e+05 -1.175e+05
 -1.11e+05 -1.151e+05 -1.248e+05 -1.109e+05 -1.253e+05 -1.262e+05 -1.117e+05 -1.223e+05 -1.074e+05 -1.413e+05
 -1.039e+05 -1.068e+05 -1.227e+05 -1.036e+05 -1.124e+05 -1.136e+05 -1.007e+05 -1.182e+05 -8.696e+04 -1.264e+05
 -8.236e+04 -8.318e+04 -1.013e+05 -8.271e+04 -8.84e+04 -8.715e+04 -7.261e+04 -9.645e+04 -8.006e+04 -9.658e+04
 -6.525e+04 -6.853e+04 -7.457e+04 -6.906e+04 -6.625e+04 -6.772e+04 -5.639e+04 -7.58e+04 -6.708e+04 -7.638e+04
 -4.99e+04 -4.978e+04 -4.937e+04 -4.962e+04 -4.958e+04 -5.371e+04 -4.093e+04 -6.305e+04 -4.361e+04 -5.769e+04
 -3.593e+04 -3.107e+04 -2.519e+04 -3.49e+04 -3.611e+04 -3.199e+04 -3.481e+04 -4.334e+04 -2.916e+04 -3.545e+04
 -2.745e+04 -2.309e+04 1364 -2.675e+04 -2.008e+04 -1.555e+04 -2.669e+04 -3.086e+04 -2.238e+04 -2.363e+04
 -1.624e+04 -1.11e+04 1.483e+04 -1.452e+04 -1.029e+04 -1.008e+04 -1.644e+04 -1.996e+04 -1.654e+04 -1.295e+04
 -4065 -2995 2910 -1863 -4076 -2443 -3893 -4984 -5139 -3955
 -251.4 -287.4 476.6 -257.7 -190.6 -241.5 -352.5 -406 -277.7 -221.5
 0 0 0 0 0 0 0 0 0 0
 -8969 -1806 -2525 -5149 -8893 -9466 -6343 -9769 -1.119e+04 -8290
 -3.067e+04 -1.647e+04 -2.633e+04 -2.101e+04 -3.703e+04 -3.012e+04 -2.398e+04 -3.361e+04 -3.31e+04 -3.295e+04
 -4.494e+04 -4.264e+04 -4.999e+04 -3.761e+04 -4.811e+04 -5.356e+04 -3.911e+04 -5.078e+04 -4.138e+04 -5.205e+04
 -5.063e+04 -5.097e+04 -5.945e+04 -5.64e+04 -5.883e+04 -5.091e+04 -5.461e+04 -6.475e+04 -5.228e+04 -5.54e+04
 -5.014e+04 -4.975e+04 -5.759e+04 -5.579e+04 -5.844e+04 -5.621e+04 -5.603e+04 -5.582e+04 -6.229e+04 -6.52e+04
 -4.523e+04 -3.747e+04 -5.228e+04 -3.82e+04 -4.976e+04 -4.377e+04 -4.698e+04 -5.018e+04 -4.157e+04 -4.716e+04
 -2.465e+04 -2.242e+04 -3.539e+04 -2.123e+04 -2.111e+04 -2.469e+04 -1.652e+04 -3.196e+04 -1.991e+04 -2.616e+04
 -1.795e+04 -1.182e+04 -1.905e+04 -1.412e+04 -1.438e+04 -1.623e+04 -1.316e+04 -1.987e+04 -3204 -1.647e+04
 -1.578e+04 -8180 -7062 -1.163e+04 -9160 -1.121e+04 -1.342e+04 -1.325e+04 -5107 -1.008e+04
 -9865 -4684 -1736 -5439 -5040 -6317 -7182 -5570 -4191 -7330
 -4949 -3131 775.1 -1976 -3824 -2376 -2997 -4745 -4204 -3826
 -588.1 -499.5 1150 -623.4 -520.8 -764.1 -641.6 -791 -504.2 -474.2
 0 0 0 0 0 0 0 0 0 0


