# Created by Octave 4.2.2, Mon Sep 28 11:27:43 2020 CEST <david@david-Lenovo-ideapad-520-15IKB>
# name: w
# type: matrix
# rows: 2001
# columns: 2
 0 0
 8.875e+05 -8.875e+05
 4.066e+04 -4.066e+04
 1.283e+06 -1.283e+06
 3.152e+05 -3.152e+05
 3.176e+05 -3.176e+05
 7.973e+05 -7.973e+05
 1.238e+05 -1.238e+05
 7.092e+05 -7.092e+05
 -1.76e+05 1.76e+05
 -3.485e+05 3.485e+05
 1.612e+05 -1.612e+05
 -1.808e+05 1.808e+05
 1.25e+05 -1.25e+05
 -5.083e+05 5.083e+05
 -7.495e+05 7.495e+05
 3.932e+05 -3.932e+05
 -5.158e+05 5.158e+05
 5.876e+05 -5.876e+05
 -3.872e+05 3.872e+05
 -2.877e+05 2.877e+05
 -4.904e+05 4.904e+05
 -3.95e+04 3.95e+04
 -7.925e+04 7.925e+04
 -8.414e+04 8.414e+04
 -8.622e+05 8.622e+05
 1.262e+05 -1.262e+05
 1.733e+05 -1.733e+05
 -9.536e+04 9.536e+04
 3.689e+05 -3.689e+05
 -4.33e+05 4.33e+05
 -2.482e+05 2.482e+05
 3.139e+05 -3.139e+05
 -3.808e+05 3.808e+05
 4.736e+05 -4.736e+05
 -1.21e+06 1.21e+06
 -1.452e+06 1.452e+06
 -4.409e+05 4.409e+05
 -4.999e+05 4.999e+05
 -6.628e+05 6.628e+05
 -1.252e+05 1.252e+05
 4.342e+05 -4.342e+05
 -2.732e+05 2.732e+05
 -8.666e+05 8.666e+05
 -2.337e+05 2.337e+05
 2.06e+05 -2.06e+05
 -4.982e+05 4.982e+05
 1.225e+06 -1.225e+06
 -3.699e+04 3.699e+04
 3.58e+05 -3.58e+05
 2.331e+05 -2.331e+05
 -2.379e+05 2.379e+05
 1.232e+05 -1.232e+05
 -1.304e+06 1.304e+06
 2.367e+04 -2.367e+04
 9.877e+05 -9.877e+05
 -3.738e+05 3.738e+05
 2.935e+05 -2.935e+05
 -4.057e+05 4.057e+05
 -5.139e+05 5.139e+05
 -1.302e+04 1.302e+04
 -2.421e+05 2.421e+05
 -2.133e+05 2.133e+05
 7.428e+05 -7.428e+05
 -7.227e+04 7.227e+04
 -3.766e+05 3.766e+05
 6.299e+05 -6.299e+05
 -7.441e+05 7.441e+05
 9.185e+05 -9.185e+05
 3.102e+05 -3.102e+05
 1.512e+05 -1.512e+05
 -1.287e+06 1.287e+06
 -1.649e+04 1.649e+04
 4.766e+05 -4.766e+05
 6.817e+05 -6.817e+05
 -1.017e+06 1.017e+06
 -2.362e+06 2.362e+06
 -8.511e+05 8.511e+05
 7.083e+05 -7.083e+05
 -6.222e+05 6.222e+05
 1.995e+05 -1.995e+05
 -3.175e+04 3.175e+04
 -8.493e+05 8.493e+05
 -5.844e+05 5.844e+05
 2.615e+05 -2.615e+05
 9.412e+04 -9.412e+04
 -7.458e+05 7.458e+05
 -6.272e+05 6.272e+05
 -1.056e+05 1.056e+05
 5.881e+05 -5.881e+05
 5.975e+04 -5.975e+04
 9.606e+05 -9.606e+05
 -1.877e+05 1.877e+05
 -2.274e+05 2.274e+05
 1.363e+06 -1.363e+06
 -2.585e+05 2.585e+05
 -1.52e+04 1.52e+04
 5.015e+05 -5.015e+05
 1.992e+05 -1.992e+05
 -3.05e+05 3.05e+05
 -1.815e+05 1.815e+05
 6.202e+05 -6.202e+05
 -6.035e+05 6.035e+05
 2.752e+04 -2.752e+04
 -2.99e+04 2.99e+04
 3.911e+05 -3.911e+05
 6.019e+05 -6.019e+05
 -3.679e+04 3.679e+04
 5.269e+05 -5.269e+05
 1.108e+05 -1.108e+05
 1.437e+05 -1.437e+05
 9.605e+04 -9.605e+04
 -1.427e+05 1.427e+05
 1.581e+05 -1.581e+05
 5.563e+05 -5.563e+05
 -8.228e+05 8.228e+05
 7.81e+05 -7.81e+05
 -2.357e+04 2.357e+04
 -4.968e+05 4.968e+05
 -8.734e+05 8.734e+05
 -1.397e+04 1.397e+04
 1.234e+06 -1.234e+06
 -2.511e+06 2.511e+06
 2.297e+05 -2.297e+05
 3.713e+05 -3.713e+05
 -1.85e+06 1.85e+06
 -1.91e+05 1.91e+05
 -8.865e+05 8.865e+05
 1.991e+05 -1.991e+05
 2.021e+04 -2.021e+04
 5.405e+05 -5.405e+05
 -4.741e+05 4.741e+05
 -5.855e+05 5.855e+05
 -4.391e+04 4.391e+04
 7.561e+05 -7.561e+05
 3.587e+05 -3.587e+05
 -8475 8475
 -1.568e+06 1.568e+06
 -2.307e+05 2.307e+05
 3.352e+05 -3.352e+05
 4.881e+05 -4.881e+05
 -2.486e+05 2.486e+05
 1.837e+05 -1.837e+05
 1.668e+05 -1.668e+05
 4.894e+05 -4.894e+05
 -2.048e+05 2.048e+05
 1.548e+06 -1.548e+06
 3.892e+05 -3.892e+05
 -4.057e+05 4.057e+05
 4.598e+05 -4.598e+05
 1.544e+05 -1.544e+05
 -1.126e+06 1.126e+06
 4.021e+05 -4.021e+05
 9.562e+05 -9.562e+05
 1.102e+05 -1.102e+05
 -3.669e+05 3.669e+05
 5.731e+04 -5.731e+04
 -6.03e+04 6.03e+04
 -6.401e+05 6.401e+05
 1.714e+05 -1.714e+05
 9569 -9569
 2.149e+05 -2.149e+05
 -4.88e+05 4.88e+05
 -4.212e+05 4.212e+05
 -3.85e+04 3.85e+04
 6.161e+05 -6.161e+05
 1.044e+06 -1.044e+06
 -1.74e+05 1.74e+05
 1.195e+05 -1.195e+05
 -8.677e+05 8.677e+05
 4443 -4443
 7.476e+04 -7.476e+04
 -2.763e+05 2.763e+05
 7.1e+05 -7.1e+05
 3.426e+05 -3.426e+05
 -2.363e+05 2.363e+05
 -4.426e+05 4.426e+05
 5.342e+05 -5.342e+05
 -6.07e+05 6.07e+05
 8.175e+04 -8.175e+04
 -2.009e+05 2.009e+05
 -7.02e+05 7.02e+05
 -9.473e+05 9.473e+05
 8.541e+05 -8.541e+05
 2.394e+05 -2.394e+05
 -2.26e+05 2.26e+05
 1.081e+06 -1.081e+06
 -6.057e+05 6.057e+05
 3.865e+05 -3.865e+05
 -5.806e+05 5.806e+05
 5.742e+04 -5.742e+04
 -3.942e+04 3.942e+04
 -3.712e+05 3.712e+05
 2.418e+05 -2.418e+05
 -6.14e+05 6.14e+05
 -5.443e+05 5.443e+05
 -2.93e+05 2.93e+05
 -2.394e+05 2.394e+05
 3.683e+05 -3.683e+05
 1.722e+06 -1.722e+06
 8.495e+04 -8.495e+04
 -3.258e+05 3.258e+05
 -7.321e+05 7.321e+05
 3.344e+05 -3.344e+05
 -4.077e+05 4.077e+05
 -1.236e+05 1.236e+05
 -1.974e+05 1.974e+05
 -5.14e+05 5.14e+05
 -7.851e+05 7.851e+05
 1.036e+06 -1.036e+06
 -1.79e+06 1.79e+06
 4.038e+05 -4.038e+05
 -2.663e+05 2.663e+05
 6.847e+05 -6.847e+05
 -1.841e+04 1.841e+04
 1.425e+06 -1.425e+06
 8068 -8068
 -7.393e+05 7.393e+05
 -5.416e+05 5.416e+05
 6.787e+05 -6.787e+05
 -2.011e+05 2.011e+05
 2.433e+05 -2.433e+05
 8.269e+05 -8.269e+05
 2.601e+05 -2.601e+05
 9.016e+04 -9.016e+04
 5.116e+05 -5.116e+05
 -2.209e+04 2.209e+04
 2.046e+05 -2.046e+05
 2.782e+05 -2.782e+05
 -1.195e+06 1.195e+06
 7.512e+04 -7.512e+04
 7.722e+05 -7.722e+05
 -3236 3236
 -7.515e+05 7.515e+05
 7.082e+05 -7.082e+05
 -2.928e+04 2.928e+04
 5.996e+04 -5.996e+04
 -1.036e+06 1.036e+06
 9.508e+05 -9.508e+05
 7.233e+05 -7.233e+05
 -5.843e+05 5.843e+05
 -3.358e+05 3.358e+05
 -4.97e+05 4.97e+05
 -9.19e+05 9.19e+05
 -1.064e+06 1.064e+06
 -7.884e+05 7.884e+05
 4.43e+05 -4.43e+05
 2.732e+05 -2.732e+05
 -2.049e+05 2.049e+05
 -1.175e+06 1.175e+06
 7.672e+05 -7.672e+05
 3.459e+05 -3.459e+05
 5.776e+05 -5.776e+05
 5.112e+05 -5.112e+05
 -3.364e+05 3.364e+05
 6.593e+05 -6.593e+05
 2.04e+05 -2.04e+05
 8.88e+05 -8.88e+05
 1.244e+06 -1.244e+06
 -2.402e+05 2.402e+05
 1.533e+06 -1.533e+06
 -6.554e+05 6.554e+05
 -2.995e+05 2.995e+05
 -2.408e+05 2.408e+05
 2.426e+05 -2.426e+05
 5.699e+04 -5.699e+04
 1.285e+05 -1.285e+05
 5.816e+04 -5.816e+04
 -1.902e+05 1.902e+05
 1.017e+06 -1.017e+06
 -2.685e+05 2.685e+05
 -9.143e+05 9.143e+05
 -6.24e+05 6.24e+05
 -3.3e+05 3.3e+05
 4.024e+05 -4.024e+05
 6.327e+05 -6.327e+05
 -2.571e+05 2.571e+05
 6411 -6411
 -8.697e+05 8.697e+05
 -3.647e+05 3.647e+05
 -6.748e+05 6.748e+05
 3.176e+05 -3.176e+05
 5.082e+05 -5.082e+05
 -2.172e+05 2.172e+05
 1.458e+06 -1.458e+06
 5.324e+05 -5.324e+05
 1.895e+05 -1.895e+05
 -2.681e+05 2.681e+05
 5.357e+05 -5.357e+05
 -1.079e+06 1.079e+06
 -2.863e+05 2.863e+05
 -2.207e+06 2.207e+06
 1.208e+06 -1.208e+06
 1.627e+05 -1.627e+05
 6.908e+05 -6.908e+05
 4.393e+05 -4.393e+05
 -1.148e+06 1.148e+06
 -5.375e+05 5.375e+05
 4.111e+05 -4.111e+05
 3.43e+05 -3.43e+05
 -5.772e+05 5.772e+05
 -1.654e+05 1.654e+05
 3.526e+05 -3.526e+05
 -9.061e+05 9.061e+05
 1.121e+05 -1.121e+05
 6.557e+04 -6.557e+04
 7.96e+05 -7.96e+05
 1.616e+05 -1.616e+05
 3.927e+04 -3.927e+04
 2.741e+05 -2.741e+05
 1.711e+05 -1.711e+05
 1.325e+06 -1.325e+06
 -6.55e+05 6.55e+05
 -1.162e+06 1.162e+06
 4.4e+05 -4.4e+05
 -1.953e+05 1.953e+05
 -1.953e+05 1.953e+05
 3.03e+05 -3.03e+05
 -5.859e+05 5.859e+05
 -3.772e+05 3.772e+05
 7.583e+05 -7.583e+05
 2.589e+06 -2.589e+06
 6.138e+05 -6.138e+05
 -2.488e+05 2.488e+05
 -3.404e+05 3.404e+05
 3.934e+05 -3.934e+05
 8.048e+05 -8.048e+05
 2.28e+05 -2.28e+05
 -1.003e+05 1.003e+05
 2.413e+05 -2.413e+05
 -4.188e+05 4.188e+05
 1.243e+05 -1.243e+05
 4.694e+04 -4.694e+04
 -5.35e+05 5.35e+05
 -5.428e+05 5.428e+05
 -3e+05 3e+05
 -7.615e+04 7.615e+04
 1.443e+06 -1.443e+06
 5.86e+05 -5.86e+05
 1.305e+06 -1.305e+06
 -2.105e+05 2.105e+05
 -5.029e+05 5.029e+05
 -3.239e+05 3.239e+05
 5.038e+05 -5.038e+05
 -3.457e+05 3.457e+05
 -2.995e+05 2.995e+05
 9.049e+05 -9.049e+05
 -5.539e+04 5.539e+04
 9.289e+05 -9.289e+05
 5.203e+05 -5.203e+05
 -3.923e+05 3.923e+05
 -7.603e+04 7.603e+04
 -9.314e+05 9.314e+05
 -3.778e+05 3.778e+05
 7.324e+04 -7.324e+04
 3.208e+05 -3.208e+05
 -6.991e+05 6.991e+05
 8.803e+04 -8.803e+04
 -2.51e+04 2.51e+04
 7.887e+05 -7.887e+05
 -6.814e+05 6.814e+05
 -6.239e+05 6.239e+05
 -2.311e+05 2.311e+05
 4.559e+05 -4.559e+05
 -4.107e+04 4.107e+04
 2.63e+05 -2.63e+05
 3.314e+05 -3.314e+05
 8.266e+04 -8.266e+04
 -3.741e+05 3.741e+05
 -1.493e+06 1.493e+06
 9.086e+04 -9.086e+04
 3.934e+05 -3.934e+05
 2.877e+05 -2.877e+05
 -2.038e+06 2.038e+06
 -1.54e+06 1.54e+06
 1.208e+04 -1.208e+04
 9186 -9186
 9.709e+05 -9.709e+05
 6.643e+05 -6.643e+05
 -1.419e+06 1.419e+06
 -1.709e+05 1.709e+05
 -6.387e+05 6.387e+05
 2.285e+05 -2.285e+05
 -4.932e+05 4.932e+05
 4.879e+05 -4.879e+05
 9.637e+05 -9.637e+05
 2.51e+05 -2.51e+05
 1.532e+06 -1.532e+06
 7.983e+05 -7.983e+05
 -4.492e+05 4.492e+05
 1.892e+04 -1.892e+04
 -1.358e+05 1.358e+05
 -1.657e+05 1.657e+05
 -8.157e+05 8.157e+05
 3.266e+05 -3.266e+05
 5.006e+04 -5.006e+04
 -6.798e+05 6.798e+05
 -8126 8126
 -2.969e+05 2.969e+05
 6.595e+05 -6.595e+05
 2.834e+05 -2.834e+05
 -2.872e+05 2.872e+05
 -3.612e+05 3.612e+05
 4.709e+05 -4.709e+05
 -1.294e+05 1.294e+05
 -5.455e+05 5.455e+05
 -5.456e+05 5.456e+05
 -4464 4464
 -1.855e+05 1.855e+05
 1.171e+06 -1.171e+06
 -3.949e+05 3.949e+05
 2.83e+05 -2.83e+05
 -2.88e+05 2.88e+05
 2.556e+05 -2.556e+05
 -8.261e+05 8.261e+05
 2.653e+05 -2.653e+05
 5.255e+05 -5.255e+05
 -7.442e+04 7.442e+04
 7.4e+05 -7.4e+05
 -9.781e+04 9.781e+04
 9.073e+05 -9.073e+05
 -4.187e+05 4.187e+05
 1.899e+06 -1.899e+06
 -2.44e+04 2.44e+04
 -2.034e+05 2.034e+05
 -2.927e+05 2.927e+05
 -4.833e+05 4.833e+05
 -2.293e+05 2.293e+05
 -3.429e+05 3.429e+05
 8.063e+04 -8.063e+04
 6.827e+05 -6.827e+05
 -5.563e+05 5.563e+05
 5.269e+05 -5.269e+05
 2.449e+05 -2.449e+05
 -8.929e+05 8.929e+05
 4097 -4097
 -1.939e+05 1.939e+05
 -2483 2483
 -9.385e+05 9.385e+05
 6.795e+04 -6.795e+04
 8.935e+04 -8.935e+04
 -4.48e+05 4.48e+05
 -1.252e+06 1.252e+06
 5.205e+05 -5.205e+05
 3.66e+05 -3.66e+05
 -7.294e+05 7.294e+05
 2.252e+05 -2.252e+05
 2.695e+04 -2.695e+04
 7440 -7440
 1.048e+06 -1.048e+06
 -2.12e+05 2.12e+05
 2.173e+04 -2.173e+04
 1.179e+06 -1.179e+06
 2.316e+05 -2.316e+05
 3013 -3013
 1.021e+06 -1.021e+06
 1.293e+05 -1.293e+05
 1.701e+06 -1.701e+06
 -1.36e+05 1.36e+05
 -2.784e+05 2.784e+05
 -7.885e+04 7.885e+04
 4.238e+05 -4.238e+05
 1.096e+06 -1.096e+06
 6.003e+04 -6.003e+04
 5.877e+05 -5.877e+05
 -2.082e+05 2.082e+05
 3.082e+05 -3.082e+05
 -3.565e+05 3.565e+05
 3.498e+05 -3.498e+05
 5.905e+05 -5.905e+05
 -2.603e+05 2.603e+05
 5.207e+05 -5.207e+05
 -7.759e+04 7.759e+04
 -5.981e+05 5.981e+05
 4.373e+05 -4.373e+05
 7.593e+05 -7.593e+05
 -3.895e+05 3.895e+05
 -2.292e+05 2.292e+05
 1.28e+05 -1.28e+05
 -2.915e+04 2.915e+04
 -9.744e+04 9.744e+04
 -4.152e+05 4.152e+05
 2.993e+05 -2.993e+05
 3.983e+05 -3.983e+05
 4.845e+05 -4.845e+05
 -7680 7680
 2.876e+05 -2.876e+05
 -1.266e+06 1.266e+06
 1947 -1947
 -2.307e+05 2.307e+05
 -3.814e+05 3.814e+05
 8487 -8487
 -5.838e+05 5.838e+05
 -5.727e+05 5.727e+05
 1.791e+04 -1.791e+04
 -1.135e+06 1.135e+06
 -3.245e+05 3.245e+05
 -3.13e+05 3.13e+05
 1.185e+06 -1.185e+06
 -1.693e+06 1.693e+06
 5.132e+05 -5.132e+05
 6.819e+05 -6.819e+05
 -8.179e+05 8.179e+05
 1.658e+05 -1.658e+05
 -1.292e+05 1.292e+05
 -1.205e+06 1.205e+06
 -9.486e+05 9.486e+05
 -6273 6273
 -6.556e+04 6.556e+04
 1.282e+06 -1.282e+06
 -2.444e+05 2.444e+05
 -1.778e+05 1.778e+05
 -4.45e+05 4.45e+05
 5.258e+05 -5.258e+05
 -3.535e+05 3.535e+05
 6.826e+05 -6.826e+05
 -7.701e+05 7.701e+05
 -2.131e+05 2.131e+05
 -3.405e+05 3.405e+05
 -1.185e+06 1.185e+06
 -9.408e+04 9.408e+04
 3.983e+05 -3.983e+05
 -6.522e+05 6.522e+05
 7.888e+05 -7.888e+05
 -9.658e+05 9.658e+05
 2.165e+04 -2.165e+04
 -1.017e+05 1.017e+05
 9.642e+05 -9.642e+05
 5.394e+04 -5.394e+04
 2.218e+04 -2.218e+04
 7.917e+05 -7.917e+05
 -3.536e+05 3.536e+05
 -3.427e+05 3.427e+05
 2.818e+05 -2.818e+05
 5.054e+05 -5.054e+05
 -1.637e+06 1.637e+06
 1.246e+06 -1.246e+06
 3.402e+04 -3.402e+04
 1.258e+06 -1.258e+06
 -8.778e+04 8.778e+04
 -4.322e+05 4.322e+05
 -3.753e+05 3.753e+05
 -5.676e+05 5.676e+05
 -1.368e+05 1.368e+05
 1.071e+06 -1.071e+06
 -1.044e+06 1.044e+06
 7.497e+05 -7.497e+05
 -3.725e+05 3.725e+05
 -4.371e+05 4.371e+05
 3.317e+05 -3.317e+05
 6.111e+05 -6.111e+05
 -3.372e+05 3.372e+05
 7.648e+05 -7.648e+05
 -4.12e+05 4.12e+05
 2.762e+05 -2.762e+05
 1.549e+05 -1.549e+05
 1.49e+05 -1.49e+05
 -8.136e+05 8.136e+05
 3.282e+05 -3.282e+05
 6.538e+04 -6.538e+04
 3.195e+05 -3.195e+05
 -2.843e+05 2.843e+05
 3.716e+04 -3.716e+04
 -3.125e+05 3.125e+05
 -3.514e+05 3.514e+05
 -1.405e+05 1.405e+05
 7.226e+05 -7.226e+05
 -3.696e+04 3.696e+04
 -2.546e+05 2.546e+05
 -7.24e+05 7.24e+05
 -1.62e+05 1.62e+05
 -8.857e+04 8.857e+04
 -5.434e+04 5.434e+04
 1.312e+06 -1.312e+06
 -1.743e+05 1.743e+05
 -3.879e+05 3.879e+05
 -9.454e+04 9.454e+04
 7.9e+05 -7.9e+05
 1.483e+05 -1.483e+05
 -1.086e+05 1.086e+05
 8.428e+05 -8.428e+05
 5.264e+05 -5.264e+05
 -2.83e+05 2.83e+05
 -4.029e+05 4.029e+05
 1.55e+06 -1.55e+06
 1.293e+06 -1.293e+06
 -9011 9011
 5.286e+05 -5.286e+05
 -1.575e+05 1.575e+05
 4.679e+05 -4.679e+05
 -8.904e+04 8.904e+04
 5.6e+05 -5.6e+05
 -3.7e+05 3.7e+05
 7.385e+05 -7.385e+05
 2.616e+04 -2.616e+04
 -9.779e+05 9.779e+05
 -6.031e+05 6.031e+05
 -1.413e+05 1.413e+05
 3.672e+04 -3.672e+04
 1.092e+05 -1.092e+05
 -7.845e+05 7.845e+05
 -8.413e+05 8.413e+05
 -3.728e+05 3.728e+05
 7.019e+05 -7.019e+05
 5.775e+05 -5.775e+05
 3.342e+05 -3.342e+05
 2.38e+06 -2.38e+06
 1.177e+06 -1.177e+06
 -1.09e+06 1.09e+06
 3.308e+05 -3.308e+05
 1.159e+04 -1.159e+04
 -1.295e+06 1.295e+06
 2.489e+05 -2.489e+05
 9.243e+04 -9.243e+04
 -6.42e+05 6.42e+05
 2.759e+05 -2.759e+05
 -5.142e+05 5.142e+05
 -5.784e+05 5.784e+05
 -1.123e+05 1.123e+05
 -1.629e+05 1.629e+05
 2.23e+05 -2.23e+05
 -6.38e+05 6.38e+05
 1.776e+05 -1.776e+05
 -1.164e+05 1.164e+05
 -1.653e+05 1.653e+05
 -1.468e+05 1.468e+05
 -5.534e+05 5.534e+05
 -2.336e+05 2.336e+05
 -2.404e+05 2.404e+05
 -8.248e+05 8.248e+05
 -4.076e+05 4.076e+05
 -1.205e+06 1.205e+06
 3.239e+05 -3.239e+05
 -4.759e+05 4.759e+05
 -2.651e+04 2.651e+04
 -1.241e+06 1.241e+06
 -3.324e+05 3.324e+05
 6.43e+05 -6.43e+05
 1.136e+05 -1.136e+05
 4.243e+04 -4.243e+04
 1.477e+05 -1.477e+05
 7.279e+05 -7.279e+05
 3.05e+05 -3.05e+05
 1.355e+05 -1.355e+05
 -1.118e+06 1.118e+06
 -5.702e+05 5.702e+05
 -2.842e+05 2.842e+05
 -5.468e+05 5.468e+05
 -7.162e+04 7.162e+04
 3.797e+05 -3.797e+05
 1.41e+05 -1.41e+05
 -8606 8606
 1.008e+06 -1.008e+06
 1.483e+06 -1.483e+06
 -1.516e+05 1.516e+05
 4.885e+05 -4.885e+05
 -7.105e+05 7.105e+05
 1.184e+06 -1.184e+06
 -2.351e+05 2.351e+05
 5.181e+05 -5.181e+05
 4.133e+05 -4.133e+05
 -1.75e+06 1.75e+06
 -5.843e+04 5.843e+04
 -1.871e+06 1.871e+06
 -3.227e+05 3.227e+05
 1.479e+05 -1.479e+05
 -7.234e+05 7.234e+05
 4.317e+05 -4.317e+05
 -3.258e+05 3.258e+05
 -5.735e+05 5.735e+05
 -7.053e+05 7.053e+05
 -2.348e+05 2.348e+05
 1.718e+05 -1.718e+05
 3.977e+05 -3.977e+05
 -8.579e+05 8.579e+05
 -9.513e+05 9.513e+05
 -1.302e+05 1.302e+05
 -3.626e+05 3.626e+05
 -3.602e+04 3.602e+04
 -6.772e+05 6.772e+05
 -4.8e+05 4.8e+05
 -5.468e+05 5.468e+05
 1.82e+05 -1.82e+05
 -1.743e+05 1.743e+05
 4.446e+05 -4.446e+05
 -1.013e+06 1.013e+06
 -4.238e+04 4.238e+04
 -4.68e+05 4.68e+05
 6.185e+05 -6.185e+05
 7.011e+05 -7.011e+05
 -1.09e+06 1.09e+06
 -3.709e+05 3.709e+05
 -6.921e+05 6.921e+05
 -1.373e+05 1.373e+05
 4.875e+05 -4.875e+05
 -6.886e+05 6.886e+05
 5.872e+05 -5.872e+05
 5.253e+05 -5.253e+05
 5.875e+05 -5.875e+05
 7.613e+04 -7.613e+04
 -5.463e+05 5.463e+05
 4.264e+05 -4.264e+05
 6.925e+05 -6.925e+05
 -7.721e+04 7.721e+04
 -2.639e+05 2.639e+05
 7.678e+04 -7.678e+04
 -1.38e+06 1.38e+06
 -2.497e+05 2.497e+05
 -4.527e+05 4.527e+05
 2.217e+04 -2.217e+04
 -7.54e+05 7.54e+05
 1.306e+06 -1.306e+06
 -8.78e+04 8.78e+04
 9.466e+05 -9.466e+05
 9.406e+05 -9.406e+05
 -5.952e+05 5.952e+05
 3.371e+06 -3.371e+06
 1.02e+05 -1.02e+05
 6.172e+04 -6.172e+04
 3.184e+05 -3.184e+05
 -2.57e+05 2.57e+05
 -1.179e+06 1.179e+06
 -8.306e+05 8.306e+05
 -1.273e+06 1.273e+06
 5.234e+04 -5.234e+04
 -4.259e+05 4.259e+05
 -6.734e+05 6.734e+05
 6.733e+05 -6.733e+05
 -8.447e+05 8.447e+05
 1.558e+06 -1.558e+06
 -5.092e+05 5.092e+05
 5.954e+05 -5.954e+05
 5.983e+05 -5.983e+05
 6.795e+05 -6.795e+05
 2.137e+05 -2.137e+05
 -3.782e+05 3.782e+05
 -1.2e+06 1.2e+06
 -2.776e+05 2.776e+05
 -5.494e+05 5.494e+05
 7.014e+05 -7.014e+05
 -7.433e+04 7.433e+04
 -7.878e+05 7.878e+05
 1.046e+06 -1.046e+06
 3.637e+04 -3.637e+04
 -2.47e+05 2.47e+05
 -9.71e+04 9.71e+04
 7.282e+05 -7.282e+05
 -2.787e+05 2.787e+05
 1.36e+06 -1.36e+06
 4.814e+05 -4.814e+05
 7.223e+05 -7.223e+05
 8.371e+05 -8.371e+05
 -6.252e+05 6.252e+05
 -1.018e+05 1.018e+05
 1.469e+05 -1.469e+05
 -5.614e+05 5.614e+05
 -2.221e+05 2.221e+05
 -8.508e+04 8.508e+04
 7.295e+05 -7.295e+05
 8.435e+05 -8.435e+05
 -5.458e+05 5.458e+05
 -4.225e+05 4.225e+05
 -8.595e+05 8.595e+05
 7.494e+04 -7.494e+04
 -1.565e+05 1.565e+05
 -1.28e+05 1.28e+05
 -6.872e+05 6.872e+05
 6.891e+05 -6.891e+05
 3.091e+05 -3.091e+05
 -2.586e+06 2.586e+06
 1.053e+06 -1.053e+06
 -9.106e+05 9.106e+05
 -1.947e+05 1.947e+05
 -9.201e+05 9.201e+05
 6.191e+05 -6.191e+05
 -1.365e+04 1.365e+04
 -7.56e+05 7.56e+05
 -5.311e+05 5.311e+05
 2.59e+05 -2.59e+05
 5.557e+05 -5.557e+05
 -3.281e+05 3.281e+05
 7.725e+05 -7.725e+05
 6.299e+05 -6.299e+05
 -9.721e+05 9.721e+05
 7.112e+05 -7.112e+05
 -6.988e+05 6.988e+05
 8.302e+05 -8.302e+05
 -3.105e+04 3.105e+04
 -4.242e+05 4.242e+05
 -1.194e+06 1.194e+06
 1.512e+06 -1.512e+06
 4.252e+05 -4.252e+05
 7.275e+05 -7.275e+05
 -2.667e+05 2.667e+05
 -1.249e+05 1.249e+05
 1.001e+05 -1.001e+05
 -1.685e+05 1.685e+05
 -4.695e+05 4.695e+05
 7.004e+04 -7.004e+04
 7.975e+05 -7.975e+05
 6.524e+05 -6.524e+05
 1.742e+05 -1.742e+05
 3.634e+05 -3.634e+05
 2.29e+06 -2.29e+06
 4.159e+05 -4.159e+05
 1.723e+04 -1.723e+04
 1.338e+04 -1.338e+04
 -4089 4089
 3.616e+05 -3.616e+05
 6.968e+05 -6.968e+05
 1.225e+06 -1.225e+06
 1.472e+06 -1.472e+06
 7.954e+04 -7.954e+04
 8.843e+04 -8.843e+04
 1.754e+05 -1.754e+05
 -2.886e+05 2.886e+05
 6.273e+04 -6.273e+04
 6.627e+05 -6.627e+05
 -1.355e+05 1.355e+05
 5.847e+05 -5.847e+05
 1.711e+05 -1.711e+05
 6.128e+05 -6.128e+05
 7.842e+05 -7.842e+05
 -1.571e+05 1.571e+05
 9970 -9970
 -1.892e+05 1.892e+05
 -3.636e+04 3.636e+04
 -1.953e+05 1.953e+05
 1.072e+05 -1.072e+05
 -6.371e+04 6.371e+04
 2.663e+05 -2.663e+05
 6.822e+05 -6.822e+05
 6.147e+05 -6.147e+05
 2.408e+05 -2.408e+05
 -8.958e+05 8.958e+05
 -5.658e+05 5.658e+05
 -8.506e+05 8.506e+05
 -1.808e+05 1.808e+05
 -1.519e+05 1.519e+05
 -1.452e+06 1.452e+06
 3.672e+05 -3.672e+05
 -5.729e+05 5.729e+05
 -2.148e+05 2.148e+05
 7.301e+05 -7.301e+05
 -3.868e+05 3.868e+05
 -9.394e+05 9.394e+05
 6.523e+04 -6.523e+04
 5.789e+05 -5.789e+05
 -4.446e+05 4.446e+05
 7.295e+05 -7.295e+05
 -7.216e+05 7.216e+05
 4.093e+05 -4.093e+05
 -3.534e+05 3.534e+05
 -3.584e+05 3.584e+05
 1.297e+05 -1.297e+05
 2.097e+05 -2.097e+05
 4.2e+05 -4.2e+05
 -4.835e+05 4.835e+05
 3.079e+05 -3.079e+05
 -8.324e+05 8.324e+05
 -7.372e+05 7.372e+05
 -1.088e+05 1.088e+05
 6.972e+04 -6.972e+04
 1.764e+05 -1.764e+05
 -1.417e+05 1.417e+05
 2.918e+05 -2.918e+05
 -4.408e+05 4.408e+05
 3.158e+05 -3.158e+05
 3.115e+05 -3.115e+05
 7.607e+04 -7.607e+04
 8.013e+05 -8.013e+05
 5.924e+05 -5.924e+05
 -4.224e+04 4.224e+04
 -2.78e+04 2.78e+04
 -2.839e+05 2.839e+05
 2.748e+05 -2.748e+05
 -9.642e+05 9.642e+05
 1.992e+05 -1.992e+05
 8.457e+05 -8.457e+05
 2.109e+05 -2.109e+05
 1.334e+06 -1.334e+06
 1.591e+06 -1.591e+06
 -5.358e+05 5.358e+05
 7.437e+05 -7.437e+05
 -4.757e+04 4.757e+04
 8.768e+05 -8.768e+05
 4.398e+05 -4.398e+05
 4.345e+04 -4.345e+04
 -1.791e+05 1.791e+05
 -5.502e+05 5.502e+05
 -1.184e+05 1.184e+05
 -9.253e+05 9.253e+05
 6.883e+05 -6.883e+05
 2.831e+05 -2.831e+05
 4.729e+05 -4.729e+05
 4.882e+05 -4.882e+05
 1.475e+06 -1.475e+06
 -9.248e+05 9.248e+05
 2.834e+05 -2.834e+05
 -2.883e+05 2.883e+05
 -1.194e+05 1.194e+05
 2.683e+04 -2.683e+04
 -1.698e+05 1.698e+05
 2.221e+04 -2.221e+04
 -9.604e+05 9.604e+05
 7.766e+04 -7.766e+04
 7.886e+05 -7.886e+05
 -5.345e+05 5.345e+05
 6.326e+04 -6.326e+04
 -1.055e+05 1.055e+05
 1.495e+06 -1.495e+06
 -3.346e+05 3.346e+05
 1.323e+06 -1.323e+06
 2.008e+05 -2.008e+05
 -9.855e+05 9.855e+05
 -3.983e+05 3.983e+05
 4.381e+05 -4.381e+05
 1.328e+06 -1.328e+06
 9.203e+05 -9.203e+05
 -1.373e+06 1.373e+06
 4.947e+05 -4.947e+05
 -2.029e+05 2.029e+05
 5.693e+05 -5.693e+05
 -1.052e+06 1.052e+06
 -5.381e+05 5.381e+05
 7.573e+04 -7.573e+04
 7.776e+05 -7.776e+05
 -3.635e+05 3.635e+05
 8.018e+04 -8.018e+04
 -1.164e+06 1.164e+06
 -3.188e+05 3.188e+05
 8.927e+04 -8.927e+04
 -4.187e+05 4.187e+05
 -2.181e+05 2.181e+05
 5.813e+05 -5.813e+05
 4.765e+05 -4.765e+05
 -6.89e+05 6.89e+05
 1.268e+06 -1.268e+06
 5858 -5858
 2.422e+05 -2.422e+05
 5.207e+05 -5.207e+05
 1.972e+05 -1.972e+05
 736.1 -736.1
 3.805e+05 -3.805e+05
 2.127e+04 -2.127e+04
 1.896e+05 -1.896e+05
 -3.605e+04 3.605e+04
 1.269e+05 -1.269e+05
 1.749e+05 -1.749e+05
 -6.338e+05 6.338e+05
 2.215e+04 -2.215e+04
 -4.395e+05 4.395e+05
 -4.48e+05 4.48e+05
 -5.47e+05 5.47e+05
 8.968e+05 -8.968e+05
 -8.373e+05 8.373e+05
 1.811e+04 -1.811e+04
 -7.4e+04 7.4e+04
 1.376e+06 -1.376e+06
 3.836e+04 -3.836e+04
 2.147e+05 -2.147e+05
 -1.55e+06 1.55e+06
 1.371e+06 -1.371e+06
 8.681e+05 -8.681e+05
 -1.648e+05 1.648e+05
 -3.438e+04 3.438e+04
 -1.22e+06 1.22e+06
 -1.101e+06 1.101e+06
 5.09e+05 -5.09e+05
 -3.575e+05 3.575e+05
 6.315e+05 -6.315e+05
 1.781e+06 -1.781e+06
 -6.223e+04 6.223e+04
 7.114e+04 -7.114e+04
 5.069e+05 -5.069e+05
 1.819e+04 -1.819e+04
 1.26e+05 -1.26e+05
 6.549e+05 -6.549e+05
 3.825e+05 -3.825e+05
 -1.603e+04 1.603e+04
 3.956e+05 -3.956e+05
 -1.19e+05 1.19e+05
 -8.367e+05 8.367e+05
 -5.242e+05 5.242e+05
 5.837e+05 -5.837e+05
 5.033e+05 -5.033e+05
 -4.077e+05 4.077e+05
 -2.642e+04 2.642e+04
 2.351e+05 -2.351e+05
 1.297e+05 -1.297e+05
 2.558e+05 -2.558e+05
 1.375e+06 -1.375e+06
 -1.094e+06 1.094e+06
 4.126e+05 -4.126e+05
 3.25e+05 -3.25e+05
 2.012e+05 -2.012e+05
 -3.281e+04 3.281e+04
 -1.666e+06 1.666e+06
 8.904e+04 -8.904e+04
 -2.827e+04 2.827e+04
 -5.484e+05 5.484e+05
 4.095e+05 -4.095e+05
 -2.196e+05 2.196e+05
 -2.808e+05 2.808e+05
 1.56e+06 -1.56e+06
 -8.254e+05 8.254e+05
 -3.725e+05 3.725e+05
 -6.161e+05 6.161e+05
 -5.28e+05 5.28e+05
 -7.373e+04 7.373e+04
 1.227e+05 -1.227e+05
 7.849e+04 -7.849e+04
 2.442e+05 -2.442e+05
 1.765e+05 -1.765e+05
 4.958e+05 -4.958e+05
 7.253e+05 -7.253e+05
 -3.152e+05 3.152e+05
 6.684e+05 -6.684e+05
 -4.966e+05 4.966e+05
 1.989e+05 -1.989e+05
 1.5e+05 -1.5e+05
 -1.178e+06 1.178e+06
 7.018e+05 -7.018e+05
 1.149e+05 -1.149e+05
 -1.033e+06 1.033e+06
 -9.681e+05 9.681e+05
 -6.721e+05 6.721e+05
 1.082e+04 -1.082e+04
 1.45e+05 -1.45e+05
 7.906e+04 -7.906e+04
 -5.989e+05 5.989e+05
 1.167e+05 -1.167e+05
 -2.246e+05 2.246e+05
 -3.332e+05 3.332e+05
 2.823e+05 -2.823e+05
 -4.577e+05 4.577e+05
 -6.767e+05 6.767e+05
 -1131 1131
 -9.676e+05 9.676e+05
 -9.756e+04 9.756e+04
 -1.631e+05 1.631e+05
 -7.707e+05 7.707e+05
 -2.475e+05 2.475e+05
 2.504e+05 -2.504e+05
 -3.23e+05 3.23e+05
 -6.299e+05 6.299e+05
 -5.958e+05 5.958e+05
 2.284e+05 -2.284e+05
 6.787e+05 -6.787e+05
 8.725e+05 -8.725e+05
 -3.586e+05 3.586e+05
 5.4e+05 -5.4e+05
 8.897e+05 -8.897e+05
 -9.597e+05 9.597e+05
 -6.637e+05 6.637e+05
 -7.18e+05 7.18e+05
 2.84e+05 -2.84e+05
 5.772e+05 -5.772e+05
 -4.165e+05 4.165e+05
 -1.158e+06 1.158e+06
 -3.29e+05 3.29e+05
 7.247e+05 -7.247e+05
 4.763e+05 -4.763e+05
 -1.099e+06 1.099e+06
 2.747e+05 -2.747e+05
 -1.87e+06 1.87e+06
 -3.396e+05 3.396e+05
 1.409e+06 -1.409e+06
 -4.15e+05 4.15e+05
 -2.054e+05 2.054e+05
 -5.814e+04 5.814e+04
 6.658e+05 -6.658e+05
 4.007e+05 -4.007e+05
 2.071e+06 -2.071e+06
 6.438e+05 -6.438e+05
 9.638e+05 -9.638e+05
 -1.163e+06 1.163e+06
 8.408e+05 -8.408e+05
 6.495e+04 -6.495e+04
 -2.033e+05 2.033e+05
 9.982e+05 -9.982e+05
 4.388e+05 -4.388e+05
 -9.588e+05 9.588e+05
 -1.222e+06 1.222e+06
 -3.565e+04 3.565e+04
 1.23e+06 -1.23e+06
 2.51e+05 -2.51e+05
 3.808e+05 -3.808e+05
 5.125e+04 -5.125e+04
 -7.126e+05 7.126e+05
 -1.376e+05 1.376e+05
 -7.726e+04 7.726e+04
 -6537 6537
 3.818e+05 -3.818e+05
 6.057e+05 -6.057e+05
 2.075e+06 -2.075e+06
 -1.342e+06 1.342e+06
 3.745e+05 -3.745e+05
 2.248e+05 -2.248e+05
 1.41e+05 -1.41e+05
 -1.539e+06 1.539e+06
 6.334e+05 -6.334e+05
 3.636e+05 -3.636e+05
 2.456e+05 -2.456e+05
 3.203e+05 -3.203e+05
 -9.53e+05 9.53e+05
 3.058e+05 -3.058e+05
 1.116e+05 -1.116e+05
 -2.27e+05 2.27e+05
 -1.595e+05 1.595e+05
 8.354e+05 -8.354e+05
 2.247e+04 -2.247e+04
 4.728e+05 -4.728e+05
 -2.853e+05 2.853e+05
 8.934e+05 -8.934e+05
 -4.471e+05 4.471e+05
 -2.057e+05 2.057e+05
 7.463e+05 -7.463e+05
 -5.501e+05 5.501e+05
 1.633e+05 -1.633e+05
 4.61e+05 -4.61e+05
 -1.211e+05 1.211e+05
 2.613e+04 -2.613e+04
 7.21e+04 -7.21e+04
 -4.01e+05 4.01e+05
 -4.472e+05 4.472e+05
 -6.792e+05 6.792e+05
 2.782e+04 -2.782e+04
 -3.964e+05 3.964e+05
 -5.281e+05 5.281e+05
 -9.734e+05 9.734e+05
 2.328e+05 -2.328e+05
 -1.937e+05 1.937e+05
 -6.828e+05 6.828e+05
 1.6e+05 -1.6e+05
 -9.461e+05 9.461e+05
 5.26e+05 -5.26e+05
 2.479e+05 -2.479e+05
 -3.696e+05 3.696e+05
 6.274e+05 -6.274e+05
 3.756e+05 -3.756e+05
 -2.026e+04 2.026e+04
 1.616e+05 -1.616e+05
 -6.297e+05 6.297e+05
 7.835e+05 -7.835e+05
 -9.124e+04 9.124e+04
 -3.852e+05 3.852e+05
 6.28e+05 -6.28e+05
 -4.559e+05 4.559e+05
 6.339e+04 -6.339e+04
 -1.384e+05 1.384e+05
 -2.305e+05 2.305e+05
 -1.054e+06 1.054e+06
 -2.814e+05 2.814e+05
 1.611e+06 -1.611e+06
 1.761e+05 -1.761e+05
 2.814e+05 -2.814e+05
 6.341e+05 -6.341e+05
 -7.639e+04 7.639e+04
 -1.466e+05 1.466e+05
 7.682e+05 -7.682e+05
 -8.907e+05 8.907e+05
 2.036e+05 -2.036e+05
 -5.364e+05 5.364e+05
 4.626e+05 -4.626e+05
 -9.446e+04 9.446e+04
 -1.841e+04 1.841e+04
 1.534e+05 -1.534e+05
 -6.16e+05 6.16e+05
 -8.641e+05 8.641e+05
 2.202e+05 -2.202e+05
 -1.217e+06 1.217e+06
 7.434e+05 -7.434e+05
 -4.651e+04 4.651e+04
 -6.31e+05 6.31e+05
 -1.162e+06 1.162e+06
 2.319e+05 -2.319e+05
 -1.001e+06 1.001e+06
 2.646e+05 -2.646e+05
 -1.982e+05 1.982e+05
 3.629e+05 -3.629e+05
 3.968e+05 -3.968e+05
 -6.727e+04 6.727e+04
 -1.005e+06 1.005e+06
 5.552e+05 -5.552e+05
 4.116e+05 -4.116e+05
 3.099e+04 -3.099e+04
 -1.309e+05 1.309e+05
 1.187e+06 -1.187e+06
 -6.468e+05 6.468e+05
 1.64e+05 -1.64e+05
 7.4e+05 -7.4e+05
 5.968e+04 -5.968e+04
 -9.196e+05 9.196e+05
 6.024e+05 -6.024e+05
 7.837e+05 -7.837e+05
 -1.798e+06 1.798e+06
 -7.348e+05 7.348e+05
 4.404e+05 -4.404e+05
 -2.004e+06 2.004e+06
 -7.946e+04 7.946e+04
 4.04e+05 -4.04e+05
 5.407e+05 -5.407e+05
 3.555e+05 -3.555e+05
 -1.173e+05 1.173e+05
 -4.365e+05 4.365e+05
 -4.253e+05 4.253e+05
 8.204e+04 -8.204e+04
 2.955e+05 -2.955e+05
 -2.086e+05 2.086e+05
 -5.08e+05 5.08e+05
 -6.915e+05 6.915e+05
 1.028e+06 -1.028e+06
 3.141e+05 -3.141e+05
 1.249e+06 -1.249e+06
 -1.009e+05 1.009e+05
 -2.429e+05 2.429e+05
 -6.885e+04 6.885e+04
 -9.403e+05 9.403e+05
 504.5 -504.5
 -7.178e+05 7.178e+05
 -1.853e+05 1.853e+05
 6.147e+05 -6.147e+05
 1.907e+05 -1.907e+05
 -4.736e+05 4.736e+05
 -1.057e+06 1.057e+06
 -3.631e+05 3.631e+05
 6.044e+04 -6.044e+04
 -1.17e+05 1.17e+05
 -1.14e+06 1.14e+06
 -4.039e+05 4.039e+05
 -1.253e+05 1.253e+05
 -1.367e+04 1.367e+04
 1537 -1537
 -4.594e+05 4.594e+05
 9.708e+05 -9.708e+05
 -9.941e+05 9.941e+05
 1.139e+06 -1.139e+06
 3.712e+05 -3.712e+05
 -3.04e+05 3.04e+05
 -1.24e+06 1.24e+06
 9.365e+05 -9.365e+05
 4.577e+05 -4.577e+05
 3.32e+05 -3.32e+05
 -8.098e+05 8.098e+05
 -1.036e+06 1.036e+06
 -5.369e+05 5.369e+05
 9.103e+05 -9.103e+05
 -3.794e+05 3.794e+05
 -2.099e+05 2.099e+05
 -4.002e+05 4.002e+05
 1.288e+05 -1.288e+05
 -4.916e+05 4.916e+05
 2.304e+05 -2.304e+05
 -7.698e+05 7.698e+05
 1.071e+05 -1.071e+05
 4.665e+05 -4.665e+05
 -2.392e+05 2.392e+05
 1.433e+05 -1.433e+05
 8.47e+05 -8.47e+05
 3.888e+05 -3.888e+05
 -3.694e+05 3.694e+05
 -1.368e+04 1.368e+04
 1.565e+05 -1.565e+05
 6.169e+05 -6.169e+05
 5.129e+05 -5.129e+05
 7.612e+05 -7.612e+05
 -7.688e+05 7.688e+05
 -9.856e+04 9.856e+04
 -1.469e+05 1.469e+05
 8.145e+05 -8.145e+05
 3.335e+04 -3.335e+04
 4.812e+04 -4.812e+04
 3.528e+05 -3.528e+05
 2.891e+05 -2.891e+05
 7.323e+05 -7.323e+05
 -6.041e+04 6.041e+04
 -5.452e+05 5.452e+05
 -3.774e+05 3.774e+05
 2.284e+05 -2.284e+05
 -7.989e+04 7.989e+04
 -1.524e+05 1.524e+05
 7.295e+05 -7.295e+05
 -6.67e+05 6.67e+05
 1.08e+06 -1.08e+06
 -1.491e+05 1.491e+05
 -8.316e+05 8.316e+05
 -1.303e+06 1.303e+06
 1.52e+05 -1.52e+05
 -6.206e+05 6.206e+05
 5.921e+05 -5.921e+05
 -1.995e+05 1.995e+05
 -1.504e+05 1.504e+05
 1.426e+06 -1.426e+06
 1.231e+06 -1.231e+06
 8.72e+05 -8.72e+05
 -1.431e+04 1.431e+04
 2.029e+06 -2.029e+06
 -1.473e+05 1.473e+05
 2.872e+04 -2.872e+04
 -5.259e+05 5.259e+05
 -2.636e+04 2.636e+04
 1.146e+06 -1.146e+06
 -7.541e+05 7.541e+05
 -6.397e+05 6.397e+05
 3.724e+04 -3.724e+04
 -1.564e+05 1.564e+05
 3.578e+04 -3.578e+04
 -2.202e+05 2.202e+05
 -1.393e+05 1.393e+05
 2.995e+04 -2.995e+04
 -3.823e+05 3.823e+05
 -4.482e+05 4.482e+05
 -1.295e+05 1.295e+05
 3.993e+05 -3.993e+05
 6.154e+05 -6.154e+05
 4.041e+05 -4.041e+05
 2.833e+05 -2.833e+05
 5.049e+05 -5.049e+05
 8.291e+05 -8.291e+05
 2.691e+05 -2.691e+05
 -3.958e+05 3.958e+05
 2.292e+05 -2.292e+05
 -7.645e+04 7.645e+04
 9525 -9525
 -2.389e+05 2.389e+05
 7.558e+05 -7.558e+05
 -1.731e+06 1.731e+06
 4.864e+05 -4.864e+05
 7.362e+05 -7.362e+05
 -9.259e+05 9.259e+05
 2.437e+05 -2.437e+05
 5.903e+05 -5.903e+05
 5.671e+05 -5.671e+05
 -3.588e+05 3.588e+05
 -1.974e+05 1.974e+05
 2.956e+05 -2.956e+05
 -1.096e+06 1.096e+06
 7.674e+05 -7.674e+05
 -1.312e+06 1.312e+06
 1.553e+06 -1.553e+06
 -4.963e+04 4.963e+04
 -1.362e+06 1.362e+06
 4.428e+05 -4.428e+05
 2.65e+05 -2.65e+05
 -1.594e+05 1.594e+05
 1.812e+05 -1.812e+05
 -3.904e+04 3.904e+04
 -4.346e+05 4.346e+05
 -9.492e+05 9.492e+05
 -4.362e+05 4.362e+05
 -5.972e+04 5.972e+04
 1.052e+06 -1.052e+06
 -4.391e+05 4.391e+05
 2.702e+05 -2.702e+05
 1.003e+06 -1.003e+06
 8.929e+05 -8.929e+05
 9.915e+05 -9.915e+05
 2.498e+04 -2.498e+04
 2.16e+04 -2.16e+04
 6.34e+05 -6.34e+05
 5.15e+04 -5.15e+04
 -2.308e+05 2.308e+05
 -6.907e+05 6.907e+05
 -5.863e+05 5.863e+05
 -9.874e+05 9.874e+05
 4.375e+05 -4.375e+05
 5.813e+05 -5.813e+05
 -1.854e+05 1.854e+05
 3.053e+05 -3.053e+05
 3.039e+05 -3.039e+05
 -1.634e+06 1.634e+06
 1.328e+04 -1.328e+04
 -6.265e+05 6.265e+05
 -2.606e+05 2.606e+05
 3.47e+04 -3.47e+04
 3.069e+05 -3.069e+05
 1.284e+05 -1.284e+05
 3.717e+05 -3.717e+05
 -6.696e+05 6.696e+05
 2.414e+06 -2.414e+06
 8.67e+05 -8.67e+05
 1.593e+05 -1.593e+05
 3.898e+05 -3.898e+05
 6.396e+05 -6.396e+05
 -8.679e+05 8.679e+05
 -2.823e+05 2.823e+05
 -4.624e+05 4.624e+05
 6.151e+05 -6.151e+05
 -4.782e+05 4.782e+05
 1.076e+06 -1.076e+06
 -1.993e+05 1.993e+05
 7.34e+05 -7.34e+05
 -1.123e+06 1.123e+06
 -8.603e+05 8.603e+05
 -1.271e+05 1.271e+05
 1.233e+05 -1.233e+05
 3.495e+05 -3.495e+05
 -6.146e+04 6.146e+04
 8.812e+05 -8.812e+05
 -6.799e+04 6.799e+04
 -3.038e+05 3.038e+05
 -7.331e+04 7.331e+04
 1.537e+05 -1.537e+05
 -6.34e+05 6.34e+05
 8.012e+05 -8.012e+05
 -1.537e+05 1.537e+05
 4.3e+05 -4.3e+05
 2.863e+05 -2.863e+05
 6.39e+04 -6.39e+04
 -4.898e+04 4.898e+04
 2138 -2138
 7.289e+05 -7.289e+05
 -5.117e+05 5.117e+05
 8.855e+05 -8.855e+05
 3.747e+05 -3.747e+05
 7.081e+04 -7.081e+04
 6.54e+05 -6.54e+05
 8.116e+04 -8.116e+04
 1.24e+05 -1.24e+05
 -7.363e+04 7.363e+04
 7.631e+04 -7.631e+04
 -2.077e+06 2.077e+06
 -1.362e+05 1.362e+05
 -7.482e+05 7.482e+05
 -7.319e+05 7.319e+05
 -2.575e+05 2.575e+05
 -2.573e+05 2.573e+05
 -1.717e+05 1.717e+05
 1.645e+05 -1.645e+05
 2.081e+05 -2.081e+05
 -1.014e+06 1.014e+06
 4.352e+05 -4.352e+05
 -3.432e+05 3.432e+05
 -4.038e+05 4.038e+05
 -2.294e+05 2.294e+05
 1.01e+06 -1.01e+06
 -4.725e+05 4.725e+05
 2.868e+05 -2.868e+05
 -8.404e+05 8.404e+05
 9.075e+05 -9.075e+05
 -7.345e+05 7.345e+05
 1.25e+06 -1.25e+06
 -3.065e+05 3.065e+05
 5.311e+05 -5.311e+05
 -6.354e+05 6.354e+05
 1.246e+05 -1.246e+05
 -3.505e+05 3.505e+05
 2.662e+05 -2.662e+05
 1.327e+06 -1.327e+06
 2.189e+06 -2.189e+06
 -1.235e+06 1.235e+06
 1.189e+06 -1.189e+06
 5.028e+04 -5.028e+04
 4.235e+05 -4.235e+05
 3.012e+04 -3.012e+04
 3.722e+05 -3.722e+05
 -3.957e+05 3.957e+05
 -7.895e+05 7.895e+05
 -9.049e+05 9.049e+05
 3.608e+05 -3.608e+05
 -5.361e+05 5.361e+05
 1.587e+05 -1.587e+05
 3.305e+05 -3.305e+05
 6.865e+04 -6.865e+04
 1.586e+06 -1.586e+06
 7.991e+05 -7.991e+05
 -7.558e+04 7.558e+04
 -2.224e+05 2.224e+05
 -4.328e+05 4.328e+05
 1.801e+04 -1.801e+04
 -4.476e+04 4.476e+04
 -5.256e+05 5.256e+05
 7.668e+05 -7.668e+05
 -2.076e+05 2.076e+05
 4.962e+05 -4.962e+05
 -7.429e+05 7.429e+05
 7.935e+05 -7.935e+05
 1.042e+06 -1.042e+06
 -1.107e+06 1.107e+06
 -4.032e+05 4.032e+05
 9.443e+04 -9.443e+04
 -6.511e+05 6.511e+05
 5.486e+05 -5.486e+05
 -3.712e+05 3.712e+05
 -4.748e+05 4.748e+05
 -1.84e+06 1.84e+06
 -6.461e+05 6.461e+05
 7.446e+05 -7.446e+05
 -9.504e+05 9.504e+05
 1.179e+05 -1.179e+05
 2.353e+06 -2.353e+06
 -4.899e+04 4.899e+04
 1.197e+06 -1.197e+06
 2.842e+05 -2.842e+05
 -4.256e+05 4.256e+05
 -8.577e+05 8.577e+05
 1.827e+05 -1.827e+05
 4.561e+05 -4.561e+05
 3.37e+05 -3.37e+05
 -2.834e+05 2.834e+05
 -7.38e+04 7.38e+04
 3.889e+05 -3.889e+05
 -1.019e+06 1.019e+06
 -2.987e+05 2.987e+05
 -1.687e+05 1.687e+05
 9.678e+05 -9.678e+05
 -8688 8688
 1.692e+05 -1.692e+05
 -8.907e+05 8.907e+05
 4.352e+05 -4.352e+05
 -5.424e+05 5.424e+05
 3.192e+04 -3.192e+04
 1.758e+06 -1.758e+06
 -5.214e+05 5.214e+05
 -5.863e+05 5.863e+05
 -2.008e+04 2.008e+04
 -3.645e+05 3.645e+05
 3.457e+05 -3.457e+05
 -1.381e+05 1.381e+05
 3.7e+05 -3.7e+05
 -1.093e+05 1.093e+05
 -2.856e+05 2.856e+05
 -2.682e+05 2.682e+05
 -7.232e+04 7.232e+04
 2.709e+05 -2.709e+05
 -6.858e+05 6.858e+05
 8.649e+05 -8.649e+05
 -3.161e+05 3.161e+05
 -7.491e+05 7.491e+05
 -1.128e+06 1.128e+06
 -3.918e+05 3.918e+05
 6.929e+05 -6.929e+05
 -1.85e+05 1.85e+05
 -3.893e+05 3.893e+05
 4.144e+05 -4.144e+05
 5.086e+05 -5.086e+05
 2.935e+05 -2.935e+05
 -8.256e+05 8.256e+05
 -4.005e+05 4.005e+05
 2.59e+05 -2.59e+05
 8.365e+04 -8.365e+04
 -5.605e+05 5.605e+05
 6.913e+05 -6.913e+05
 -2.363e+04 2.363e+04
 -1.392e+05 1.392e+05
 -7.668e+05 7.668e+05
 -1.403e+05 1.403e+05
 -1.088e+05 1.088e+05
 9.869e+04 -9.869e+04
 6.84e+05 -6.84e+05
 -5.698e+05 5.698e+05
 -7.448e+05 7.448e+05
 5.582e+05 -5.582e+05
 -1.984e+05 1.984e+05
 -2.9e+05 2.9e+05
 1.718e+05 -1.718e+05
 7.055e+05 -7.055e+05
 4.126e+05 -4.126e+05
 5.93e+04 -5.93e+04
 -9.183e+04 9.183e+04
 -3.277e+05 3.277e+05
 -4.224e+05 4.224e+05
 -8.095e+05 8.095e+05
 -3.798e+05 3.798e+05
 -6.431e+05 6.431e+05
 8.258e+05 -8.258e+05
 3.567e+05 -3.567e+05
 -2.854e+04 2.854e+04
 3.353e+05 -3.353e+05
 2.839e+05 -2.839e+05
 6.476e+05 -6.476e+05
 1.668e+06 -1.668e+06
 6.447e+05 -6.447e+05
 3.506e+05 -3.506e+05
 -5.688e+04 5.688e+04
 4.564e+05 -4.564e+05
 -5.318e+05 5.318e+05
 1.194e+06 -1.194e+06
 3.34e+05 -3.34e+05
 8.621e+05 -8.621e+05
 2.871e+05 -2.871e+05
 -8.298e+05 8.298e+05
 9.707e+05 -9.707e+05
 6.981e+05 -6.981e+05
 -5.376e+05 5.376e+05
 8.711e+05 -8.711e+05
 -6.774e+05 6.774e+05
 1.839e+06 -1.839e+06
 -2.981e+05 2.981e+05
 2.91e+05 -2.91e+05
 -1.146e+06 1.146e+06
 -3.448e+05 3.448e+05
 5.735e+05 -5.735e+05
 1.191e+06 -1.191e+06
 -9.877e+05 9.877e+05
 3.835e+05 -3.835e+05
 2.202e+04 -2.202e+04
 3.142e+05 -3.142e+05
 7.797e+05 -7.797e+05
 -1.4e+05 1.4e+05
 6.251e+05 -6.251e+05
 7.696e+05 -7.696e+05
 2.377e+04 -2.377e+04
 4.567e+05 -4.567e+05
 3.802e+05 -3.802e+05
 2.417e+05 -2.417e+05
 -4.129e+04 4.129e+04
 8.188e+05 -8.188e+05
 2.012e+05 -2.012e+05
 2.303e+05 -2.303e+05
 5.724e+05 -5.724e+05
 -1.17e+05 1.17e+05
 4.249e+05 -4.249e+05
 8.395e+05 -8.395e+05
 -3.907e+05 3.907e+05
 -4.805e+05 4.805e+05
 -7.543e+05 7.543e+05
 8.614e+04 -8.614e+04
 1.267e+06 -1.267e+06
 -5.3e+05 5.3e+05
 -8.456e+05 8.456e+05
 8.289e+05 -8.289e+05
 2.545e+05 -2.545e+05
 2.75e+05 -2.75e+05
 -4.805e+05 4.805e+05
 5697 -5697
 6.864e+05 -6.864e+05
 -3.193e+05 3.193e+05
 -3.104e+04 3.104e+04
 -2.211e+05 2.211e+05
 7.645e+05 -7.645e+05
 9580 -9580
 4.331e+05 -4.331e+05
 -4.751e+05 4.751e+05
 3.173e+05 -3.173e+05
 4.355e+04 -4.355e+04
 -6.12e+05 6.12e+05
 2.981e+05 -2.981e+05
 -3.813e+05 3.813e+05
 -6.571e+05 6.571e+05
 -1.107e+06 1.107e+06
 9.288e+05 -9.288e+05
 -5.437e+05 5.437e+05
 -2.405e+05 2.405e+05
 2.073e+05 -2.073e+05
 -3.628e+05 3.628e+05
 1.378e+06 -1.378e+06
 5.644e+05 -5.644e+05
 -6.135e+05 6.135e+05
 -6.087e+05 6.087e+05
 6.04e+05 -6.04e+05
 -4.984e+04 4.984e+04
 2.839e+05 -2.839e+05
 -2.758e+05 2.758e+05
 1.596e+05 -1.596e+05
 5.496e+05 -5.496e+05
 4.183e+04 -4.183e+04
 -1.046e+06 1.046e+06
 -1.075e+06 1.075e+06
 -1.202e+06 1.202e+06
 -4.306e+05 4.306e+05
 4.967e+04 -4.967e+04
 9.624e+05 -9.624e+05
 -4.485e+05 4.485e+05
 -1.71e+05 1.71e+05
 1.671e+05 -1.671e+05
 6.208e+05 -6.208e+05
 4.966e+05 -4.966e+05
 4.09e+05 -4.09e+05
 -1.192e+06 1.192e+06
 3.852e+05 -3.852e+05
 1.509e+05 -1.509e+05
 -9.07e+05 9.07e+05
 -5.449e+05 5.449e+05
 2.456e+05 -2.456e+05
 1.021e+06 -1.021e+06
 2.918e+05 -2.918e+05
 -5.509e+05 5.509e+05
 6.333e+05 -6.333e+05
 1.048e+06 -1.048e+06
 3.092e+05 -3.092e+05
 1.232e+05 -1.232e+05
 -1.032e+06 1.032e+06
 -6.602e+05 6.602e+05
 -4.989e+04 4.989e+04
 -1.433e+05 1.433e+05
 2.237e+05 -2.237e+05
 1.378e+05 -1.378e+05
 -4.396e+05 4.396e+05
 3.101e+05 -3.101e+05
 2.325e+05 -2.325e+05
 -5.102e+04 5.102e+04
 -1.676e+05 1.676e+05
 -9.45e+04 9.45e+04
 4.075e+05 -4.075e+05
 5.58e+05 -5.58e+05
 -5.276e+04 5.276e+04
 -5.574e+05 5.574e+05
 1.001e+06 -1.001e+06
 2.785e+05 -2.785e+05
 -1.07e+06 1.07e+06
 -3.734e+05 3.734e+05
 -8.526e+05 8.526e+05
 4.911e+05 -4.911e+05
 1.037e+06 -1.037e+06
 -9.39e+04 9.39e+04
 -2.292e+05 2.292e+05
 -2.674e+05 2.674e+05
 -4.508e+05 4.508e+05
 -8.85e+05 8.85e+05
 -1.291e+05 1.291e+05
 -6.72e+05 6.72e+05
 2.272e+05 -2.272e+05
 2.527e+05 -2.527e+05
 1.631e+05 -1.631e+05
 2.224e+05 -2.224e+05
 -3.865e+05 3.865e+05
 2.362e+05 -2.362e+05
 6.034e+05 -6.034e+05
 1.535e+06 -1.535e+06
 -3.486e+05 3.486e+05
 -7.392e+04 7.392e+04
 5.263e+05 -5.263e+05
 9.117e+05 -9.117e+05
 -1.761e+05 1.761e+05
 -7.678e+05 7.678e+05
 -5.698e+05 5.698e+05
 6.371e+05 -6.371e+05
 2.484e+05 -2.484e+05
 6.262e+05 -6.262e+05
 4.721e+04 -4.721e+04
 -3.865e+04 3.865e+04
 -1.363e+06 1.363e+06
 7.366e+04 -7.366e+04
 -3.234e+05 3.234e+05
 -3.531e+05 3.531e+05
 -2.897e+04 2.897e+04
 -1.724e+06 1.724e+06
 2.856e+04 -2.856e+04
 5.44e+05 -5.44e+05
 3.91e+05 -3.91e+05
 4.694e+05 -4.694e+05
 -6.022e+05 6.022e+05
 -8.279e+05 8.279e+05
 -1.19e+05 1.19e+05
 -7.354e+05 7.354e+05
 -8.348e+05 8.348e+05
 -1.123e+05 1.123e+05
 -5.467e+05 5.467e+05
 4.816e+04 -4.816e+04
 7.942e+05 -7.942e+05
 5.371e+05 -5.371e+05
 2.17e+05 -2.17e+05
 -2.853e+05 2.853e+05
 -8.157e+05 8.157e+05
 3.71e+05 -3.71e+05
 4.232e+05 -4.232e+05
 1.731e+05 -1.731e+05
 -1.837e+06 1.837e+06
 -2.366e+05 2.366e+05
 -2.124e+05 2.124e+05
 4.971e+04 -4.971e+04
 8.585e+05 -8.585e+05
 -4.298e+05 4.298e+05
 -1.575e+05 1.575e+05
 -1.574e+05 1.574e+05
 -1.189e+06 1.189e+06
 -1.055e+06 1.055e+06
 3.441e+05 -3.441e+05
 -4.419e+05 4.419e+05
 -1.087e+06 1.087e+06
 -3.87e+05 3.87e+05
 8.713e+05 -8.713e+05
 -7.575e+05 7.575e+05
 -5.727e+05 5.727e+05
 -5.701e+05 5.701e+05
 1.62e+05 -1.62e+05
 -1.041e+06 1.041e+06
 4.602e+05 -4.602e+05
 -6.741e+05 6.741e+05
 -8.539e+05 8.539e+05
 9.383e+05 -9.383e+05
 6.126e+05 -6.126e+05
 8.206e+05 -8.206e+05
 -3.764e+05 3.764e+05
 -1.869e+05 1.869e+05
 9.098e+05 -9.098e+05
 2.173e+04 -2.173e+04
 -1.727e+05 1.727e+05
 6.424e+05 -6.424e+05
 -1.023e+06 1.023e+06
 7.721e+05 -7.721e+05
 -6.646e+05 6.646e+05
 -1.64e+05 1.64e+05
 1.157e+06 -1.157e+06
 -2.989e+05 2.989e+05
 8.249e+05 -8.249e+05
 2.097e+04 -2.097e+04
 1.27e+06 -1.27e+06
 -1.157e+06 1.157e+06
 -5.305e+05 5.305e+05
 2.634e+05 -2.634e+05
 1.247e+06 -1.247e+06
 -3.577e+05 3.577e+05
 -8.741e+04 8.741e+04
 3.576e+05 -3.576e+05
 -1.11e+06 1.11e+06
 7.693e+05 -7.693e+05
 2.019e+05 -2.019e+05
 -5.45e+05 5.45e+05
 4.798e+05 -4.798e+05
 1.815e+05 -1.815e+05
 -3.027e+05 3.027e+05
 6.73e+04 -6.73e+04
 3.058e+05 -3.058e+05
 -6.033e+05 6.033e+05
 3.243e+05 -3.243e+05
 -6.389e+05 6.389e+05
 7.746e+05 -7.746e+05
 -8.075e+05 8.075e+05
 9.373e+05 -9.373e+05
 -5.358e+05 5.358e+05
 -3.166e+05 3.166e+05
 2287 -2287
 -4896 4896
 -6.813e+05 6.813e+05
 3.802e+05 -3.802e+05
 1.907e+05 -1.907e+05
 3.009e+05 -3.009e+05
 -5.313e+04 5.313e+04
 8.449e+04 -8.449e+04
 6.331e+05 -6.331e+05
 2.452e+05 -2.452e+05
 3.005e+05 -3.005e+05
 -3.419e+05 3.419e+05
 -3.803e+05 3.803e+05
 1.5e+06 -1.5e+06
 -1.563e+05 1.563e+05
 5.785e+05 -5.785e+05
 -8.059e+04 8.059e+04
 -1.921e+05 1.921e+05
 4.892e+05 -4.892e+05
 5.014e+05 -5.014e+05
 9.893e+05 -9.893e+05
 -1.051e+06 1.051e+06
 -9.34e+05 9.34e+05
 -7.688e+05 7.688e+05
 -9.765e+04 9.765e+04
 -1.408e+04 1.408e+04
 6.826e+05 -6.826e+05
 1.249e+05 -1.249e+05
 6.021e+05 -6.021e+05
 1.043e+06 -1.043e+06
 -7.632e+05 7.632e+05
 3.061e+05 -3.061e+05
 1.069e+06 -1.069e+06
 -5.337e+05 5.337e+05
 -2.628e+04 2.628e+04
 -4.889e+05 4.889e+05
 -1.528e+06 1.528e+06
 4.011e+05 -4.011e+05
 4.944e+05 -4.944e+05
 -1.652e+04 1.652e+04
 -9.067e+05 9.067e+05
 1.267e+06 -1.267e+06
 -4.345e+05 4.345e+05
 -3.837e+05 3.837e+05
 8.038e+04 -8.038e+04
 4.777e+05 -4.777e+05
 -5.731e+04 5.731e+04
 1.234e+05 -1.234e+05
 -9.614e+05 9.614e+05
 -6.254e+04 6.254e+04
 7.606e+05 -7.606e+05
 -4.043e+05 4.043e+05
 9.042e+05 -9.042e+05
 8.419e+04 -8.419e+04
 1.367e+04 -1.367e+04
 1.195e+05 -1.195e+05
 1.507e+06 -1.507e+06
 -1.895e+05 1.895e+05
 2.805e+05 -2.805e+05
 8.889e+05 -8.889e+05
 -9.137e+05 9.137e+05
 -3.571e+05 3.571e+05
 2.349e+05 -2.349e+05
 -8.724e+04 8.724e+04
 7.507e+05 -7.507e+05
 1.322e+05 -1.322e+05
 2.754e+05 -2.754e+05
 -6.081e+05 6.081e+05
 -3.898e+05 3.898e+05
 -6.449e+05 6.449e+05
 -5.284e+05 5.284e+05
 -4.846e+05 4.846e+05
 -8.161e+05 8.161e+05
 -2.973e+05 2.973e+05
 8.59e+05 -8.59e+05
 1.985e+06 -1.985e+06
 1.046e+06 -1.046e+06
 -9.453e+05 9.453e+05
 -2.768e+04 2.768e+04
 -4.511e+05 4.511e+05
 4.32e+05 -4.32e+05
 7.71e+05 -7.71e+05
 1.049e+06 -1.049e+06
 -3.677e+05 3.677e+05
 1.771e+05 -1.771e+05
 6.405e+05 -6.405e+05
 6.921e+04 -6.921e+04
 -1.569e+05 1.569e+05
 -2.176e+06 2.176e+06
 -9.588e+05 9.588e+05
 -7.877e+05 7.877e+05
 2.603e+05 -2.603e+05
 -7.625e+05 7.625e+05
 2965 -2965
 -2.58e+05 2.58e+05
 2.061e+05 -2.061e+05
 -9.826e+05 9.826e+05
 4.395e+05 -4.395e+05
 -7.141e+05 7.141e+05
 -9.613e+04 9.613e+04
 2.438e+05 -2.438e+05
 4.292e+04 -4.292e+04
 9.466e+05 -9.466e+05
 1.054e+05 -1.054e+05
 3.496e+05 -3.496e+05
 1.834e+04 -1.834e+04
 -2.358e+05 2.358e+05
 1.767e+05 -1.767e+05
 -1.578e+05 1.578e+05
 8.089e+05 -8.089e+05
 6.601e+05 -6.601e+05
 -2.767e+05 2.767e+05
 -5.432e+05 5.432e+05
 -2.206e+05 2.206e+05
 5.908e+04 -5.908e+04
 -8.978e+05 8.978e+05
 -3.244e+05 3.244e+05
 -8.417e+05 8.417e+05
 1.942e+05 -1.942e+05
 2.515e+05 -2.515e+05
 -1.317e+05 1.317e+05
 7.311e+05 -7.311e+05
 5.22e+04 -5.22e+04
 -4.856e+05 4.856e+05
 -2.827e+05 2.827e+05
 1.201e+05 -1.201e+05
 -1.534e+04 1.534e+04
 5.36e+04 -5.36e+04
 -1.01e+06 1.01e+06
 -3.372e+05 3.372e+05
 -1.726e+05 1.726e+05
 -3.707e+05 3.707e+05
 -8.101e+05 8.101e+05
 7.898e+05 -7.898e+05
 3.336e+04 -3.336e+04
 -5.638e+05 5.638e+05
 -6.102e+05 6.102e+05
 -4.206e+05 4.206e+05
 1.947e+05 -1.947e+05
 -3.797e+05 3.797e+05
 6.402e+05 -6.402e+05
 -5.707e+05 5.707e+05
 -1.3e+06 1.3e+06
 -6.535e+05 6.535e+05
 -5.291e+05 5.291e+05
 1.468e+06 -1.468e+06
 -2.319e+05 2.319e+05
 -1.61e+05 1.61e+05
 -5.212e+05 5.212e+05
 5.611e+05 -5.611e+05
 1.352e+06 -1.352e+06
 -5.278e+05 5.278e+05
 9.939e+04 -9.939e+04
 2.829e+05 -2.829e+05
 -4.187e+05 4.187e+05
 9.658e+05 -9.658e+05
 4.228e+05 -4.228e+05
 -1.608e+06 1.608e+06
 7.779e+05 -7.779e+05
 -4.823e+05 4.823e+05
 -5.118e+04 5.118e+04
 -2.921e+05 2.921e+05
 -6.188e+05 6.188e+05
 -3.895e+05 3.895e+05
 -7.501e+05 7.501e+05
 1.036e+06 -1.036e+06
 -8.003e+05 8.003e+05
 1.483e+05 -1.483e+05
 9.569e+05 -9.569e+05
 -1.926e+05 1.926e+05
 -8.596e+05 8.596e+05
 6.972e+05 -6.972e+05
 -9.204e+05 9.204e+05
 -4.749e+05 4.749e+05
 7.008e+05 -7.008e+05
 -6.31e+05 6.31e+05
 -1.437e+05 1.437e+05


