1.742141e-10
3.207086e-21
1.206394e-08
8.971193e-14
1.467201e-20
2.620810e-06
1.940806e-25
1.492983e-15
2.690585e-24
3.490935e-16
1.723953e-19
3.182456e-09
4.323809e-15
2.352119e-24
3.387793e-17
2.498915e-09
2.620810e-06
8.345362e-24
1.206394e-08
4.343843e-21
1.115399e-21
1.047857e-16
2.268413e-24
1.101349e-16
4.333860e-07
7.553128e-13
7.295412e-08
4.333860e-07
5.998488e-19
2.880862e-11
5.571819e-14
9.192514e-23
1.101349e-16
2.177007e-19
7.661917e-24
8.160680e-18
8.971193e-14
1.810622e-12
2.869221e-17
2.620810e-06
1.810622e-12
2.869221e-17
3.881530e-21
9.213747e-15
8.527204e-20
3.833534e-23
1.467201e-20
3.750508e-13
9.002711e-23
1.697216e-26
1.101349e-16
6.678339e-15
7.702530e-24
1.080116e-21
4.671603e-20
5.799113e-10
2.587191e-14
3.889501e-16
4.343843e-21
5.967396e-12
4.333860e-07
3.207086e-21
6.003972e-15
2.774940e-18
4.333860e-07
6.735787e-25
9.002711e-23
2.498915e-09
2.690585e-24
3.889501e-16
5.106977e-27
2.587191e-14
9.543117e-23
1.638813e-12
1.195759e-17
9.213747e-15
1.908529e-15
1.519021e-15
1.101349e-16
2.620810e-06
7.702530e-24
1.047857e-16
2.620810e-06
2.869221e-17
4.343843e-21
3.387793e-17
3.182456e-09
4.333860e-07
1.090094e-10
3.020197e-23
1.541641e-22
6.735787e-25
1.206394e-08
6.003972e-15
2.689704e-23
8.703625e-14
1.741037e-26
9.002711e-23
5.001883e-20
7.456957e-21
1.249011e-13
7.295412e-08
1.519021e-15
2.336982e-18
1.511989e-27
7.295412e-08
1.481045e-16
1.730500e-21
5.001883e-20
7.729872e-18
1.481045e-16
5.262616e-10
4.333860e-07
1.519021e-15
1.638813e-12
1.908529e-15
1.281953e-21
1.541641e-22
7.702530e-24
5.967396e-12
1.498345e-20
4.197336e-16
9.192514e-23
3.750508e-13
5.638394e-15
7.149995e-16
2.336982e-18
1.988930e-19
3.020197e-23
1.206394e-08
4.333860e-07
7.295412e-08
3.207086e-21
4.333860e-07
4.920768e-21
3.881530e-21
2.416899e-14
8.971193e-14
2.880862e-11
4.429031e-16
4.920768e-21
7.149995e-16
4.333860e-07
2.880862e-11
1.511989e-27
6.735787e-25
2.620810e-06
1.090094e-10
5.106977e-27
2.234815e-24
7.295412e-08
1.657493e-19
3.182456e-09
1.940806e-25
3.889501e-16
5.799113e-10
2.587191e-14
8.703625e-14
2.620810e-06
1.638813e-12
7.295412e-08
1.519021e-15
7.729872e-18
1.939418e-20
3.453666e-22
7.149995e-16
1.954323e-25
1.249011e-13
2.234815e-24
8.546620e-18
1.183009e-16
4.811541e-18
2.498915e-09
1.337811e-20
2.880862e-11
4.811541e-18
4.671603e-20
1.638813e-12
7.295412e-08
3.370882e-22
1.638813e-12
7.702530e-24
9.966590e-19
5.751390e-20
1.954323e-25
1.908529e-15
1.638813e-12
2.620810e-06
2.135907e-18
5.998488e-19
2.498915e-09
1.908529e-15
8.546620e-18
3.207086e-21
1.481045e-16
1.281953e-21
1.206394e-08
5.638394e-15
9.002711e-23
1.090094e-10
2.312899e-19
7.661917e-24
1.281953e-21
1.810622e-12
8.345362e-24
3.490935e-16
3.182456e-09
6.678339e-15
5.262616e-10
1.541641e-22
2.234815e-24
3.750508e-13
2.880862e-11
1.121055e-22
2.489459e-18
5.262616e-10
4.116653e-19
7.456957e-21
5.571819e-14
7.295412e-08
5.772727e-17
1.090094e-10
1.908529e-15
4.197336e-16
7.295412e-08
7.149995e-16
7.295412e-08
4.197336e-16
7.553128e-13
1.797665e-19
3.133851e-22
6.900328e-19
6.643135e-22
1.101349e-16
2.689704e-23
6.643135e-22
4.323809e-15
7.702530e-24
5.799113e-10
1.742141e-10
4.116653e-19
2.498915e-09
2.620810e-06
1.498345e-20
2.620810e-06
1.090094e-10
1.723953e-19
3.453666e-22
5.998488e-19
3.881530e-21
3.143724e-22
9.192514e-23
2.234815e-24
1.741037e-26
2.869221e-17
5.732611e-26
1.742141e-10
6.735787e-25
6.290575e-12
4.811541e-18
1.481045e-16
4.303164e-22
1.498345e-20
4.920768e-21
6.678339e-15
1.511989e-27
2.336982e-18
1.498345e-20
3.436990e-17
3.453666e-22
5.262616e-10
2.529730e-11
1.511989e-27
1.047857e-16
5.967396e-12
3.133851e-22
2.895424e-17
1.206394e-08
2.620810e-06
8.703625e-14
2.498915e-09
1.723953e-19
2.498915e-09
1.080116e-21
2.164295e-14
1.723953e-19
2.352119e-24
6.555374e-25
3.436990e-17
3.182456e-09
4.843029e-20
1.741037e-26
4.429031e-16
3.133851e-22
8.703625e-14
2.869221e-17
2.095419e-25
7.456957e-21
6.678339e-15
6.020000e-19
2.620810e-06
6.003972e-15
1.384825e-12
3.207086e-21
1.638813e-12
3.889501e-16
4.920768e-21
6.900328e-19
3.143724e-22
2.095419e-25
1.978868e-20
6.290575e-12
1.730500e-21
2.226555e-18
7.434583e-25
1.978868e-20
3.020197e-23
5.001883e-20
1.337811e-20
1.195759e-17
3.182456e-09
3.490935e-16
2.164295e-14
1.810622e-12
2.620810e-06
2.689704e-23
3.490935e-16
6.735787e-25
9.192514e-23
2.620810e-06
4.343843e-21
3.599973e-20
2.177007e-19
7.149995e-16
1.281953e-21
2.880862e-11
5.799113e-10
6.900328e-19
7.295412e-08
2.498915e-09
2.612050e-23
1.206394e-08
4.323809e-15
6.555374e-25
5.638394e-15
8.971193e-14
2.312899e-19
3.370882e-22
2.620810e-06
8.527204e-20
2.336982e-18
4.333860e-07
4.197336e-16
8.546620e-18
8.703625e-14
4.303164e-22
1.183009e-16
5.001883e-20
2.895424e-17
2.620810e-06
1.090094e-10
8.160680e-18
8.345362e-24
2.869221e-17
1.511989e-27
2.620810e-06
6.678339e-15
4.303164e-22
6.735787e-25
3.750508e-13
3.771736e-21
8.546620e-18
6.290575e-12
9.002711e-23
3.387793e-17
7.434583e-25
1.206394e-08
2.352119e-24
2.620810e-06
3.020197e-23
8.160680e-18
3.443588e-13
3.443588e-13
5.001883e-20
1.978868e-20
2.095419e-25
1.511989e-27
1.337811e-20
2.416899e-14
2.620810e-06
7.661917e-24
1.541641e-22
6.678339e-15
9.213747e-15
6.000671e-26
1.047857e-16
3.436990e-17
3.453666e-22
1.954323e-25
7.729872e-18
5.001883e-20
7.434583e-25
1.384825e-12
3.133851e-22
4.333860e-07
1.657493e-19
1.797665e-19
1.249011e-13
5.106977e-27
1.697216e-26
2.587191e-14
2.312899e-19
2.177007e-19
2.352119e-24
2.620810e-06
4.333860e-07
8.546620e-18
6.735787e-25
3.020197e-23
2.164295e-14
3.020197e-23
8.971193e-14
1.090094e-10
1.138568e-21
7.729872e-18
1.121055e-22
1.090094e-10
9.987077e-24
2.416899e-14
4.920768e-21
2.895424e-17
2.529730e-11
4.333860e-07
6.780526e-19
6.000671e-26
5.262616e-10
2.869221e-17
1.511989e-27
5.262616e-10
2.164295e-14
2.095419e-25
3.387793e-17
8.971193e-14
4.036642e-21
5.967396e-12
1.281953e-21
1.657493e-19
8.703625e-14
6.555374e-25
3.443588e-13
3.133851e-22
3.443588e-13
7.295412e-08
1.797665e-19
2.620810e-06
3.750508e-13
1.810622e-12
4.333860e-07
1.978868e-20
1.978868e-20
2.880862e-11
7.295412e-08
1.338219e-20
1.742141e-10
1.723953e-19
4.429031e-16
1.338219e-20
3.881530e-21
2.095419e-25
3.020197e-23
2.774940e-18
1.281953e-21
4.333860e-07
2.869221e-17
5.262616e-10
2.612050e-23
5.799113e-10
4.671603e-20
1.908529e-15
5.262616e-10
4.333860e-07
6.555374e-25
1.797665e-19
1.638813e-12
7.456957e-21
3.889501e-16
4.333860e-07
2.498915e-09
1.183009e-16
1.810622e-12
7.729872e-18
1.094935e-11
2.498915e-09
8.703625e-14
5.001883e-20
1.206394e-08
6.290575e-12
4.323809e-15
4.323809e-15
2.135907e-18
2.774940e-18
3.133851e-22
3.889501e-16
2.489459e-18
1.541641e-22
3.889501e-16
3.750508e-13
5.751390e-20
2.587191e-14
5.799113e-10
1.697216e-26
5.638394e-15
2.620810e-06
4.811541e-18
4.843029e-20
4.671603e-20
3.833534e-23
7.661917e-24
1.481045e-16
1.697216e-26
5.571819e-14
2.612050e-23
4.343843e-21
2.177007e-19
5.967396e-12
1.541641e-22
2.226555e-18
5.638394e-15
7.553128e-13
4.323809e-15
9.213747e-15
1.498345e-20
1.047857e-16
1.183009e-16
1.090094e-10
5.262616e-10
9.966590e-19
4.811541e-18
1.908529e-15
7.729872e-18
1.115399e-21
2.620810e-06
1.498345e-20
1.080116e-21
5.967396e-12
5.001883e-20
6.000671e-26
1.810622e-12
2.689704e-23
3.833534e-23
1.742141e-10
2.620810e-06
3.443588e-13
1.541641e-22
2.336982e-18
3.833534e-23
2.498915e-09
5.106977e-27
8.971193e-14
4.036642e-21
4.333860e-07
7.729872e-18
1.384825e-12
7.553128e-13
2.226555e-18
8.160680e-18
1.080116e-21
3.370882e-22
6.290575e-12
3.020197e-23
1.249011e-13
1.101349e-16
1.519021e-15
2.909678e-17
4.333860e-07
8.971193e-14
3.387793e-17
1.940806e-25
3.750508e-13
1.988930e-19
6.290575e-12
7.702530e-24
1.730500e-21
4.920768e-21
7.149995e-16
4.303164e-22
5.262616e-10
3.182456e-09
2.895424e-17
2.164295e-14
3.750508e-13
3.443588e-13
3.143724e-22
5.967396e-12
2.620810e-06
2.909678e-17
6.678339e-15
1.988930e-19
2.312899e-19
1.090094e-10
1.810622e-12
3.182456e-09
2.498915e-09
2.620810e-06
2.312899e-19
1.206394e-08
5.571819e-14
8.160680e-18
2.880862e-11
3.750508e-13
8.160680e-18
4.429031e-16
3.453666e-22
2.312899e-19
2.164295e-14
1.498345e-20
2.620810e-06
2.489459e-18
3.833534e-23
2.489459e-18
1.954323e-25
7.729872e-18
5.799113e-10
3.436990e-17
2.226555e-18
1.978868e-20
5.772727e-17
6.900328e-19
1.723953e-19
1.094935e-11
4.811541e-18
2.620810e-06
6.678339e-15
3.133851e-22
1.978868e-20
3.020197e-23
1.797665e-19
1.638813e-12
3.207086e-21
8.160680e-18
2.774940e-18
8.160680e-18
6.735787e-25
1.657493e-19
6.003972e-15
4.671603e-20
5.967396e-12
1.094935e-11
4.333860e-07
3.833534e-23
3.436990e-17
6.643135e-22
9.213747e-15
5.998488e-19
2.498915e-09
8.160680e-18
6.780526e-19
6.678339e-15
1.697216e-26
8.527204e-20
4.303164e-22
5.106977e-27
5.751390e-20
9.192514e-23
1.742141e-10
1.047857e-16
2.095419e-25
4.333860e-07
2.529730e-11
3.750508e-13
1.492983e-15
4.333860e-07
6.555374e-25
8.546620e-18
1.978868e-20
1.519021e-15
7.456957e-21
1.954323e-25
5.799113e-10
5.799113e-10
9.213747e-15
3.881530e-21
3.133851e-22
5.106977e-27
1.742141e-10
2.498915e-09
1.723953e-19
3.599973e-20
1.511989e-27
5.799113e-10
4.429031e-16
1.730500e-21
2.352119e-24
3.182456e-09
2.489459e-18
1.797665e-19
1.908529e-15
1.384825e-12
3.771736e-21
1.730500e-21
1.121055e-22
2.620810e-06
1.115399e-21
3.750508e-13
8.527204e-20
2.336982e-18
2.352119e-24
6.780526e-19
1.195759e-17
4.303164e-22
8.546620e-18
1.467201e-20
1.195759e-17
7.729872e-18
1.492983e-15
3.020197e-23
2.620810e-06
1.697216e-26
2.489459e-18
1.047857e-16
1.939418e-20
6.000671e-26
9.966590e-19
7.149995e-16
1.940806e-25
3.771736e-21
3.881530e-21
5.262616e-10
2.416899e-14
4.333860e-07
1.384825e-12
5.262616e-10
9.002711e-23
1.121055e-22
2.690585e-24
1.337811e-20
2.587191e-14
2.895424e-17
2.620810e-06
4.333860e-07
4.811541e-18
4.843029e-20
5.001883e-20
3.020197e-23
1.281953e-21
5.571819e-14
2.135907e-18
3.207086e-21
5.799113e-10
7.295412e-08
6.900328e-19
1.384825e-12
1.384825e-12
5.106977e-27
4.333860e-07
2.774940e-18
1.481045e-16
1.742141e-10
1.978868e-20
6.290575e-12
6.643135e-22
2.774940e-18
1.988930e-19
2.869221e-17
3.453666e-22
2.620810e-06
2.498915e-09
4.671603e-20
1.047857e-16
6.290575e-12
3.387793e-17
2.312899e-19
5.262616e-10
1.206394e-08
1.940806e-25
7.456957e-21
6.780526e-19
2.620810e-06
7.553128e-13
2.498915e-09
6.003972e-15
4.116653e-19
6.900328e-19
3.443588e-13
9.543117e-23
1.115399e-21
1.094935e-11
1.281953e-21
2.498915e-09
1.541641e-22
2.529730e-11
7.295412e-08
2.620810e-06
1.988930e-19
1.195759e-17
6.003972e-15
1.638813e-12
3.387793e-17
3.833534e-23
8.971193e-14
3.436990e-17
1.080116e-21
3.443588e-13
4.333860e-07
4.116653e-19
3.750508e-13
2.498915e-09
6.003972e-15
1.988930e-19
6.735787e-25
4.671603e-20
1.511989e-27
2.774940e-18
6.290575e-12
3.207086e-21
7.702530e-24
2.620810e-06
1.337811e-20
9.213747e-15
3.771736e-21
4.343843e-21
7.295412e-08
6.780526e-19
3.207086e-21
1.206394e-08
1.249011e-13
2.529730e-11
8.527204e-20
1.080116e-21
4.333860e-07
1.115399e-21
3.133851e-22
3.443588e-13
8.703625e-14
5.001883e-20
2.620810e-06
7.553128e-13
8.703625e-14
3.443588e-13
1.206394e-08
9.002711e-23
1.249011e-13
5.106977e-27
2.177007e-19
6.678339e-15
3.889501e-16
2.529730e-11
5.262616e-10
4.197336e-16
2.895424e-17
1.101349e-16
2.352119e-24
6.290575e-12
4.671603e-20
6.003972e-15
5.638394e-15
3.443588e-13
1.094935e-11
2.620810e-06
2.529730e-11
1.094935e-11
7.702530e-24
2.774940e-18
5.799113e-10
2.690585e-24
4.303164e-22
1.978868e-20
5.967396e-12
7.149995e-16
1.467201e-20
7.295412e-08
7.661917e-24
2.268413e-24
3.182456e-09
7.295412e-08
3.833534e-23
2.690585e-24
3.443588e-13
4.197336e-16
4.843029e-20
7.295412e-08
5.106977e-27
1.080116e-21
6.020000e-19
2.869221e-17
5.638394e-15
1.195759e-17
2.529730e-11
1.080116e-21
1.742141e-10
9.002711e-23
1.810622e-12
5.799113e-10
3.133851e-22
3.599973e-20
1.384825e-12
1.138568e-21
5.001883e-20
1.908529e-15
4.333860e-07
1.541641e-22
3.182456e-09
3.881530e-21
5.799113e-10
2.909678e-17
2.498915e-09
3.387793e-17
3.182456e-09
4.197336e-16
1.206394e-08
2.620810e-06
2.177007e-19
3.490935e-16
8.160680e-18
3.143724e-22
5.799113e-10
3.750508e-13
2.336982e-18
6.678339e-15
2.774940e-18
5.262616e-10
2.498915e-09
3.490935e-16
3.436990e-17
8.527204e-20
7.553128e-13
1.481045e-16
6.000671e-26
1.080116e-21
9.987077e-24
6.780526e-19
3.750508e-13
9.192514e-23
1.940806e-25
7.295412e-08
1.742141e-10
1.492983e-15
4.333860e-07
2.690585e-24
5.106977e-27
4.671603e-20
1.741037e-26
1.094935e-11
3.182456e-09
6.290575e-12
1.121055e-22
3.387793e-17
6.290575e-12
2.498915e-09
4.343843e-21
1.249011e-13
7.295412e-08
5.967396e-12
2.774940e-18
1.939418e-20
5.967396e-12
4.920768e-21
1.249011e-13
1.638813e-12
1.697216e-26
2.690585e-24
2.774940e-18
3.881530e-21
9.543117e-23
8.971193e-14
2.721566e-23
8.546620e-18
6.678339e-15
1.047857e-16
8.527204e-20
1.978868e-20
1.742141e-10
7.295412e-08
1.797665e-19
7.661917e-24
7.434583e-25
4.843029e-20
9.543117e-23
1.206394e-08
9.966590e-19
4.429031e-16
4.333860e-07
2.880862e-11
3.387793e-17
4.333860e-07
3.443588e-13
2.268413e-24
3.020197e-23
4.343843e-21
4.333860e-07
1.730500e-21
3.443588e-13
4.429031e-16
2.620810e-06
7.661917e-24
9.002711e-23
1.094935e-11
6.290575e-12
1.481045e-16
8.971193e-14
