2.418282e-10
1.064024e-20
1.187885e-08
6.748519e-14
7.370200e-21
2.612343e-06
1.341550e-25
1.583218e-15
4.837723e-24
8.417176e-16
1.106448e-19
3.955746e-09
9.335346e-15
2.963990e-24
1.743420e-17
2.176833e-09
2.612343e-06
1.188695e-23
1.187885e-08
1.930439e-21
1.273895e-21
8.697041e-17
1.404061e-24
1.304281e-16
3.821573e-07
1.307585e-12
8.120117e-08
3.821573e-07
6.209147e-19
3.537683e-11
1.077210e-13
5.758976e-23
1.304281e-16
7.310837e-19
5.360548e-24
5.301265e-18
6.748519e-14
2.483039e-12
3.006089e-17
2.612343e-06
2.483039e-12
3.006089e-17
2.461281e-21
1.575841e-14
2.006846e-19
8.806641e-23
7.370200e-21
4.550240e-13
8.047498e-23
1.310155e-26
1.304281e-16
3.931972e-15
7.689212e-24
8.645637e-22
3.784774e-20
4.469157e-10
3.505361e-14
3.648979e-16
1.930439e-21
6.482906e-12
3.821573e-07
1.064024e-20
7.196698e-15
4.632653e-18
3.821573e-07
7.509269e-25
8.047498e-23
2.176833e-09
4.837723e-24
3.648979e-16
4.976435e-27
3.505361e-14
1.217180e-22
1.103900e-12
2.256468e-17
1.575841e-14
2.887774e-15
1.128946e-15
1.304281e-16
2.612343e-06
7.689212e-24
8.697041e-17
2.612343e-06
3.006089e-17
1.930439e-21
1.743420e-17
3.955746e-09
3.821573e-07
1.060452e-10
4.862601e-23
4.003159e-22
7.509269e-25
1.187885e-08
7.196698e-15
3.035015e-23
9.341892e-14
1.917654e-26
8.047498e-23
2.840084e-20
1.959882e-20
1.912854e-13
8.120117e-08
1.128946e-15
1.343076e-18
1.303452e-27
8.120117e-08
2.502610e-16
4.023745e-21
2.840084e-20
7.164765e-18
2.502610e-16
5.786825e-10
3.821573e-07
1.128946e-15
1.103900e-12
2.887774e-15
2.089069e-21
4.003159e-22
7.689212e-24
6.482906e-12
2.186411e-20
2.759783e-16
5.758976e-23
4.550240e-13
4.736669e-15
1.365659e-15
1.343076e-18
8.946410e-20
4.862601e-23
1.187885e-08
3.821573e-07
8.120117e-08
1.064024e-20
3.821573e-07
9.064044e-21
2.461281e-21
1.608454e-14
6.748519e-14
3.537683e-11
5.928758e-16
9.064044e-21
1.365659e-15
3.821573e-07
3.537683e-11
1.303452e-27
7.509269e-25
2.612343e-06
1.060452e-10
4.976435e-27
1.973704e-24
8.120117e-08
1.517867e-19
3.955746e-09
1.341550e-25
3.648979e-16
4.469157e-10
3.505361e-14
9.341892e-14
2.612343e-06
1.103900e-12
8.120117e-08
1.128946e-15
7.164765e-18
7.273434e-20
4.979122e-22
1.365659e-15
1.927515e-25
1.912854e-13
1.973704e-24
1.130319e-17
6.881469e-17
1.146152e-17
2.176833e-09
9.588728e-21
3.537683e-11
1.146152e-17
3.784774e-20
1.103900e-12
8.120117e-08
1.672962e-22
1.103900e-12
7.689212e-24
2.100357e-18
9.486393e-20
1.927515e-25
2.887774e-15
1.103900e-12
2.612343e-06
1.751474e-18
6.209147e-19
2.176833e-09
2.887774e-15
1.130319e-17
1.064024e-20
2.502610e-16
2.089069e-21
1.187885e-08
4.736669e-15
8.047498e-23
1.060452e-10
4.312148e-19
5.360548e-24
2.089069e-21
2.483039e-12
1.188695e-23
8.417176e-16
3.955746e-09
3.931972e-15
5.786825e-10
4.003159e-22
1.973704e-24
4.550240e-13
3.537683e-11
2.040180e-22
7.486025e-18
5.786825e-10
1.095124e-18
1.959882e-20
1.077210e-13
8.120117e-08
1.231341e-16
1.060452e-10
2.887774e-15
2.759783e-16
8.120117e-08
1.365659e-15
8.120117e-08
2.759783e-16
1.307585e-12
2.348918e-19
2.219204e-22
1.019148e-18
1.949855e-21
1.304281e-16
3.035015e-23
1.949855e-21
9.335346e-15
7.689212e-24
4.469157e-10
2.418282e-10
1.095124e-18
2.176833e-09
2.612343e-06
2.186411e-20
2.612343e-06
1.060452e-10
1.106448e-19
4.979122e-22
6.209147e-19
2.461281e-21
3.176434e-22
5.758976e-23
1.973704e-24
1.917654e-26
3.006089e-17
5.002026e-26
2.418282e-10
7.509269e-25
4.789600e-12
1.146152e-17
2.502610e-16
8.851928e-22
2.186411e-20
9.064044e-21
3.931972e-15
1.303452e-27
1.343076e-18
2.186411e-20
5.137995e-17
4.979122e-22
5.786825e-10
2.177167e-11
1.303452e-27
8.697041e-17
6.482906e-12
2.219204e-22
2.126049e-17
1.187885e-08
2.612343e-06
9.341892e-14
2.176833e-09
1.106448e-19
2.176833e-09
8.645637e-22
2.055144e-14
1.106448e-19
2.963990e-24
5.121888e-25
5.137995e-17
3.955746e-09
5.598452e-20
1.917654e-26
5.928758e-16
2.219204e-22
9.341892e-14
3.006089e-17
2.948826e-25
1.959882e-20
3.931972e-15
4.367270e-19
2.612343e-06
7.196698e-15
1.330976e-12
1.064024e-20
1.103900e-12
3.648979e-16
9.064044e-21
1.019148e-18
3.176434e-22
2.948826e-25
4.120165e-20
4.789600e-12
4.023745e-21
2.605145e-18
1.182614e-24
4.120165e-20
4.862601e-23
2.840084e-20
9.588728e-21
2.256468e-17
3.955746e-09
8.417176e-16
2.055144e-14
2.483039e-12
2.612343e-06
3.035015e-23
8.417176e-16
7.509269e-25
5.758976e-23
2.612343e-06
1.930439e-21
1.069496e-19
7.310837e-19
1.365659e-15
2.089069e-21
3.537683e-11
4.469157e-10
1.019148e-18
8.120117e-08
2.176833e-09
2.065671e-23
1.187885e-08
9.335346e-15
5.121888e-25
4.736669e-15
6.748519e-14
4.312148e-19
1.672962e-22
2.612343e-06
2.006846e-19
1.343076e-18
3.821573e-07
2.759783e-16
1.130319e-17
9.341892e-14
8.851928e-22
6.881469e-17
2.840084e-20
2.126049e-17
2.612343e-06
1.060452e-10
5.301265e-18
1.188695e-23
3.006089e-17
1.303452e-27
2.612343e-06
3.931972e-15
8.851928e-22
7.509269e-25
4.550240e-13
3.412526e-21
1.130319e-17
4.789600e-12
8.047498e-23
1.743420e-17
1.182614e-24
1.187885e-08
2.963990e-24
2.612343e-06
4.862601e-23
5.301265e-18
2.928045e-13
2.928045e-13
2.840084e-20
4.120165e-20
2.948826e-25
1.303452e-27
9.588728e-21
1.608454e-14
2.612343e-06
5.360548e-24
4.003159e-22
3.931972e-15
1.575841e-14
7.470851e-26
8.697041e-17
5.137995e-17
4.979122e-22
1.927515e-25
7.164765e-18
2.840084e-20
1.182614e-24
1.330976e-12
2.219204e-22
3.821573e-07
1.517867e-19
2.348918e-19
1.912854e-13
4.976435e-27
1.310155e-26
3.505361e-14
4.312148e-19
7.310837e-19
2.963990e-24
2.612343e-06
3.821573e-07
1.130319e-17
7.509269e-25
4.862601e-23
2.055144e-14
4.862601e-23
6.748519e-14
1.060452e-10
6.387181e-22
7.164765e-18
2.040180e-22
1.060452e-10
2.029743e-23
1.608454e-14
9.064044e-21
2.126049e-17
2.177167e-11
3.821573e-07
3.447472e-19
7.470851e-26
5.786825e-10
3.006089e-17
1.303452e-27
5.786825e-10
2.055144e-14
2.948826e-25
1.743420e-17
6.748519e-14
5.211129e-21
6.482906e-12
2.089069e-21
1.517867e-19
9.341892e-14
5.121888e-25
2.928045e-13
2.219204e-22
2.928045e-13
8.120117e-08
2.348918e-19
2.612343e-06
4.550240e-13
2.483039e-12
3.821573e-07
4.120165e-20
4.120165e-20
3.537683e-11
8.120117e-08
1.368579e-20
2.418282e-10
1.106448e-19
5.928758e-16
1.368579e-20
2.461281e-21
2.948826e-25
4.862601e-23
4.632653e-18
2.089069e-21
3.821573e-07
3.006089e-17
5.786825e-10
2.065671e-23
4.469157e-10
3.784774e-20
2.887774e-15
5.786825e-10
3.821573e-07
5.121888e-25
2.348918e-19
1.103900e-12
1.959882e-20
3.648979e-16
3.821573e-07
2.176833e-09
6.881469e-17
2.483039e-12
7.164765e-18
1.697351e-11
2.176833e-09
9.341892e-14
2.840084e-20
1.187885e-08
4.789600e-12
9.335346e-15
9.335346e-15
1.751474e-18
4.632653e-18
2.219204e-22
3.648979e-16
7.486025e-18
4.003159e-22
3.648979e-16
4.550240e-13
9.486393e-20
3.505361e-14
4.469157e-10
1.310155e-26
4.736669e-15
2.612343e-06
1.146152e-17
5.598452e-20
3.784774e-20
8.806641e-23
5.360548e-24
2.502610e-16
1.310155e-26
1.077210e-13
2.065671e-23
1.930439e-21
7.310837e-19
6.482906e-12
4.003159e-22
2.605145e-18
4.736669e-15
1.307585e-12
9.335346e-15
1.575841e-14
2.186411e-20
8.697041e-17
6.881469e-17
1.060452e-10
5.786825e-10
2.100357e-18
1.146152e-17
2.887774e-15
7.164765e-18
1.273895e-21
2.612343e-06
2.186411e-20
8.645637e-22
6.482906e-12
2.840084e-20
7.470851e-26
2.483039e-12
3.035015e-23
8.806641e-23
2.418282e-10
2.612343e-06
2.928045e-13
4.003159e-22
1.343076e-18
8.806641e-23
2.176833e-09
4.976435e-27
6.748519e-14
5.211129e-21
3.821573e-07
7.164765e-18
1.330976e-12
1.307585e-12
2.605145e-18
5.301265e-18
8.645637e-22
1.672962e-22
4.789600e-12
4.862601e-23
1.912854e-13
1.304281e-16
1.128946e-15
7.834843e-17
3.821573e-07
6.748519e-14
1.743420e-17
1.341550e-25
4.550240e-13
8.946410e-20
4.789600e-12
7.689212e-24
4.023745e-21
9.064044e-21
1.365659e-15
8.851928e-22
5.786825e-10
3.955746e-09
2.126049e-17
2.055144e-14
4.550240e-13
2.928045e-13
3.176434e-22
6.482906e-12
2.612343e-06
7.834843e-17
3.931972e-15
8.946410e-20
4.312148e-19
1.060452e-10
2.483039e-12
3.955746e-09
2.176833e-09
2.612343e-06
4.312148e-19
1.187885e-08
1.077210e-13
5.301265e-18
3.537683e-11
4.550240e-13
5.301265e-18
5.928758e-16
4.979122e-22
4.312148e-19
2.055144e-14
2.186411e-20
2.612343e-06
7.486025e-18
8.806641e-23
7.486025e-18
1.927515e-25
7.164765e-18
4.469157e-10
5.137995e-17
2.605145e-18
4.120165e-20
1.231341e-16
1.019148e-18
1.106448e-19
1.697351e-11
1.146152e-17
2.612343e-06
3.931972e-15
2.219204e-22
4.120165e-20
4.862601e-23
2.348918e-19
1.103900e-12
1.064024e-20
5.301265e-18
4.632653e-18
5.301265e-18
7.509269e-25
1.517867e-19
7.196698e-15
3.784774e-20
6.482906e-12
1.697351e-11
3.821573e-07
8.806641e-23
5.137995e-17
1.949855e-21
1.575841e-14
6.209147e-19
2.176833e-09
5.301265e-18
3.447472e-19
3.931972e-15
1.310155e-26
2.006846e-19
8.851928e-22
4.976435e-27
9.486393e-20
5.758976e-23
2.418282e-10
8.697041e-17
2.948826e-25
3.821573e-07
2.177167e-11
4.550240e-13
1.583218e-15
3.821573e-07
5.121888e-25
1.130319e-17
4.120165e-20
1.128946e-15
1.959882e-20
1.927515e-25
4.469157e-10
4.469157e-10
1.575841e-14
2.461281e-21
2.219204e-22
4.976435e-27
2.418282e-10
2.176833e-09
1.106448e-19
1.069496e-19
1.303452e-27
4.469157e-10
5.928758e-16
4.023745e-21
2.963990e-24
3.955746e-09
7.486025e-18
2.348918e-19
2.887774e-15
1.330976e-12
3.412526e-21
4.023745e-21
2.040180e-22
2.612343e-06
1.273895e-21
4.550240e-13
2.006846e-19
1.343076e-18
2.963990e-24
3.447472e-19
2.256468e-17
8.851928e-22
1.130319e-17
7.370200e-21
2.256468e-17
7.164765e-18
1.583218e-15
4.862601e-23
2.612343e-06
1.310155e-26
7.486025e-18
8.697041e-17
7.273434e-20
7.470851e-26
2.100357e-18
1.365659e-15
1.341550e-25
3.412526e-21
2.461281e-21
5.786825e-10
1.608454e-14
3.821573e-07
1.330976e-12
5.786825e-10
8.047498e-23
2.040180e-22
4.837723e-24
9.588728e-21
3.505361e-14
2.126049e-17
2.612343e-06
3.821573e-07
1.146152e-17
5.598452e-20
2.840084e-20
4.862601e-23
2.089069e-21
1.077210e-13
1.751474e-18
1.064024e-20
4.469157e-10
8.120117e-08
1.019148e-18
1.330976e-12
1.330976e-12
4.976435e-27
3.821573e-07
4.632653e-18
2.502610e-16
2.418282e-10
4.120165e-20
4.789600e-12
1.949855e-21
4.632653e-18
8.946410e-20
3.006089e-17
4.979122e-22
2.612343e-06
2.176833e-09
3.784774e-20
8.697041e-17
4.789600e-12
1.743420e-17
4.312148e-19
5.786825e-10
1.187885e-08
1.341550e-25
1.959882e-20
3.447472e-19
2.612343e-06
1.307585e-12
2.176833e-09
7.196698e-15
1.095124e-18
1.019148e-18
2.928045e-13
1.217180e-22
1.273895e-21
1.697351e-11
2.089069e-21
2.176833e-09
4.003159e-22
2.177167e-11
8.120117e-08
2.612343e-06
8.946410e-20
2.256468e-17
7.196698e-15
1.103900e-12
1.743420e-17
8.806641e-23
6.748519e-14
5.137995e-17
8.645637e-22
2.928045e-13
3.821573e-07
1.095124e-18
4.550240e-13
2.176833e-09
7.196698e-15
8.946410e-20
7.509269e-25
3.784774e-20
1.303452e-27
4.632653e-18
4.789600e-12
1.064024e-20
7.689212e-24
2.612343e-06
9.588728e-21
1.575841e-14
3.412526e-21
1.930439e-21
8.120117e-08
3.447472e-19
1.064024e-20
1.187885e-08
1.912854e-13
2.177167e-11
2.006846e-19
8.645637e-22
3.821573e-07
1.273895e-21
2.219204e-22
2.928045e-13
9.341892e-14
2.840084e-20
2.612343e-06
1.307585e-12
9.341892e-14
2.928045e-13
1.187885e-08
8.047498e-23
1.912854e-13
4.976435e-27
7.310837e-19
3.931972e-15
3.648979e-16
2.177167e-11
5.786825e-10
2.759783e-16
2.126049e-17
1.304281e-16
2.963990e-24
4.789600e-12
3.784774e-20
7.196698e-15
4.736669e-15
2.928045e-13
1.697351e-11
2.612343e-06
2.177167e-11
1.697351e-11
7.689212e-24
4.632653e-18
4.469157e-10
4.837723e-24
8.851928e-22
4.120165e-20
6.482906e-12
1.365659e-15
7.370200e-21
8.120117e-08
5.360548e-24
1.404061e-24
3.955746e-09
8.120117e-08
8.806641e-23
4.837723e-24
2.928045e-13
2.759783e-16
5.598452e-20
8.120117e-08
4.976435e-27
8.645637e-22
4.367270e-19
3.006089e-17
4.736669e-15
2.256468e-17
2.177167e-11
8.645637e-22
2.418282e-10
8.047498e-23
2.483039e-12
4.469157e-10
2.219204e-22
1.069496e-19
1.330976e-12
6.387181e-22
2.840084e-20
2.887774e-15
3.821573e-07
4.003159e-22
3.955746e-09
2.461281e-21
4.469157e-10
7.834843e-17
2.176833e-09
1.743420e-17
3.955746e-09
2.759783e-16
1.187885e-08
2.612343e-06
7.310837e-19
8.417176e-16
5.301265e-18
3.176434e-22
4.469157e-10
4.550240e-13
1.343076e-18
3.931972e-15
4.632653e-18
5.786825e-10
2.176833e-09
8.417176e-16
5.137995e-17
2.006846e-19
1.307585e-12
2.502610e-16
7.470851e-26
8.645637e-22
2.029743e-23
3.447472e-19
4.550240e-13
5.758976e-23
1.341550e-25
8.120117e-08
2.418282e-10
1.583218e-15
3.821573e-07
4.837723e-24
4.976435e-27
3.784774e-20
1.917654e-26
1.697351e-11
3.955746e-09
4.789600e-12
2.040180e-22
1.743420e-17
4.789600e-12
2.176833e-09
1.930439e-21
1.912854e-13
8.120117e-08
6.482906e-12
4.632653e-18
7.273434e-20
6.482906e-12
9.064044e-21
1.912854e-13
1.103900e-12
1.310155e-26
4.837723e-24
4.632653e-18
2.461281e-21
1.217180e-22
6.748519e-14
1.508419e-23
1.130319e-17
3.931972e-15
8.697041e-17
2.006846e-19
4.120165e-20
2.418282e-10
8.120117e-08
2.348918e-19
5.360548e-24
1.182614e-24
5.598452e-20
1.217180e-22
1.187885e-08
2.100357e-18
5.928758e-16
3.821573e-07
3.537683e-11
1.743420e-17
3.821573e-07
2.928045e-13
1.404061e-24
4.862601e-23
1.930439e-21
3.821573e-07
4.023745e-21
2.928045e-13
5.928758e-16
2.612343e-06
5.360548e-24
8.047498e-23
1.697351e-11
4.789600e-12
2.502610e-16
6.748519e-14
