2.093626e-10
8.038894e-21
1.022909e-08
5.048457e-14
4.464137e-21
2.343629e-06
7.524934e-26
1.190855e-15
3.157925e-24
6.866429e-16
7.105395e-20
3.465653e-09
7.706561e-15
1.846736e-24
1.146543e-17
1.820521e-09
2.343629e-06
7.626019e-24
1.022909e-08
1.135572e-21
8.369367e-22
6.170099e-17
7.969802e-25
9.694464e-17
3.330000e-07
1.105430e-12
7.199159e-08
3.330000e-07
4.301515e-19
2.974776e-11
8.999042e-14
3.406216e-23
9.694464e-17
5.754855e-19
3.133072e-24
3.547331e-18
5.048457e-14
2.063258e-12
2.169981e-17
2.343629e-06
2.063258e-12
2.169981e-17
1.516887e-21
1.278650e-14
1.507989e-19
6.094928e-23
4.464137e-21
3.672081e-13
4.986790e-23
7.261943e-27
9.694464e-17
2.774358e-15
4.708432e-24
5.421543e-22
2.473039e-20
3.629943e-10
2.795408e-14
2.665576e-16
1.135572e-21
5.294353e-12
3.330000e-07
8.038894e-21
5.573774e-15
3.462174e-18
3.330000e-07
4.543875e-25
4.986790e-23
1.820521e-09
3.157925e-24
2.665576e-16
2.806611e-27
2.795408e-14
7.902196e-23
8.356891e-13
1.736380e-17
1.278650e-14
2.275674e-15
8.105115e-16
9.694464e-17
2.343629e-06
4.708432e-24
6.170099e-17
2.343629e-06
2.169981e-17
1.135572e-21
1.146543e-17
3.465653e-09
3.330000e-07
8.763931e-11
3.212145e-23
2.852719e-22
4.543875e-25
1.022909e-08
5.573774e-15
1.913616e-23
7.321775e-14
1.113611e-26
4.986790e-23
1.771287e-20
1.455286e-20
1.570676e-13
7.199159e-08
8.105115e-16
8.728173e-19
7.139362e-28
7.199159e-08
1.948832e-16
2.901699e-21
1.771287e-20
5.022929e-18
1.948832e-16
4.924253e-10
3.330000e-07
8.105115e-16
8.356891e-13
2.275674e-15
1.437951e-21
2.852719e-22
4.708432e-24
5.294353e-12
1.522961e-20
1.924252e-16
3.406216e-23
3.672081e-13
3.501531e-15
1.095004e-15
8.728173e-19
5.483686e-20
3.212145e-23
1.022909e-08
3.330000e-07
7.199159e-08
8.038894e-21
3.330000e-07
6.424094e-21
1.516887e-21
1.168584e-14
5.048457e-14
2.974776e-11
4.537475e-16
6.424094e-21
1.095004e-15
3.330000e-07
2.974776e-11
7.139362e-28
4.543875e-25
2.343629e-06
8.763931e-11
2.806611e-27
1.173754e-24
7.199159e-08
1.021231e-19
3.465653e-09
7.524934e-26
2.665576e-16
3.629943e-10
2.795408e-14
7.321775e-14
2.343629e-06
8.356891e-13
7.199159e-08
8.105115e-16
5.022929e-18
5.657715e-20
3.328474e-22
1.095004e-15
1.132732e-25
1.570676e-13
1.173754e-24
8.302104e-18
4.659816e-17
8.973965e-18
1.820521e-09
6.084888e-21
2.974776e-11
8.973965e-18
2.473039e-20
8.356891e-13
7.199159e-08
9.724763e-23
8.356891e-13
4.708432e-24
1.597140e-18
6.803880e-20
1.132732e-25
2.275674e-15
8.356891e-13
2.343629e-06
1.192504e-18
4.301515e-19
1.820521e-09
2.275674e-15
8.302104e-18
8.038894e-21
1.948832e-16
1.437951e-21
1.022909e-08
3.501531e-15
4.986790e-23
8.763931e-11
3.184543e-19
3.133072e-24
1.437951e-21
2.063258e-12
7.626019e-24
6.866429e-16
3.465653e-09
2.774358e-15
4.924253e-10
2.852719e-22
1.173754e-24
3.672081e-13
2.974776e-11
1.387695e-22
5.963268e-18
4.924253e-10
8.473046e-19
1.455286e-20
8.999042e-14
7.199159e-08
9.756324e-17
8.763931e-11
2.275674e-15
1.924252e-16
7.199159e-08
1.095004e-15
7.199159e-08
1.924252e-16
1.105430e-12
1.655734e-19
1.351524e-22
7.397049e-19
1.430721e-21
9.694464e-17
1.913616e-23
1.430721e-21
7.706561e-15
4.708432e-24
3.629943e-10
2.093626e-10
8.473046e-19
1.820521e-09
2.343629e-06
1.522961e-20
2.343629e-06
8.763931e-11
7.105395e-20
3.328474e-22
4.301515e-19
1.516887e-21
2.026747e-22
3.406216e-23
1.173754e-24
1.113611e-26
2.169981e-17
2.854800e-26
2.093626e-10
4.543875e-25
3.733470e-12
8.973965e-18
1.948832e-16
6.199576e-22
1.522961e-20
6.424094e-21
2.774358e-15
7.139362e-28
8.728173e-19
1.522961e-20
3.885784e-17
3.328474e-22
4.924253e-10
1.747443e-11
7.139362e-28
6.170099e-17
5.294353e-12
1.351524e-22
1.464856e-17
1.022909e-08
2.343629e-06
7.321775e-14
1.820521e-09
7.105395e-20
1.820521e-09
5.421543e-22
1.564321e-14
7.105395e-20
1.846736e-24
2.958187e-25
3.885784e-17
3.465653e-09
3.832585e-20
1.113611e-26
4.537475e-16
1.351524e-22
7.321775e-14
2.169981e-17
1.815563e-25
1.455286e-20
2.774358e-15
2.887797e-19
2.343629e-06
5.573774e-15
1.055643e-12
8.038894e-21
8.356891e-13
2.665576e-16
6.424094e-21
7.397049e-19
2.026747e-22
1.815563e-25
3.006784e-20
3.733470e-12
2.901699e-21
1.858319e-18
7.497294e-25
3.006784e-20
3.212145e-23
1.771287e-20
6.084888e-21
1.736380e-17
3.465653e-09
6.866429e-16
1.564321e-14
2.063258e-12
2.343629e-06
1.913616e-23
6.866429e-16
4.543875e-25
3.406216e-23
2.343629e-06
1.135572e-21
8.176918e-20
5.754855e-19
1.095004e-15
1.437951e-21
2.974776e-11
3.629943e-10
7.397049e-19
7.199159e-08
1.820521e-09
1.243145e-23
1.022909e-08
7.706561e-15
2.958187e-25
3.501531e-15
5.048457e-14
3.184543e-19
9.724763e-23
2.343629e-06
1.507989e-19
8.728173e-19
3.330000e-07
1.924252e-16
8.302104e-18
7.321775e-14
6.199576e-22
4.659816e-17
1.771287e-20
1.464856e-17
2.343629e-06
8.763931e-11
3.547331e-18
7.626019e-24
2.169981e-17
7.139362e-28
2.343629e-06
2.774358e-15
6.199576e-22
4.543875e-25
3.672081e-13
2.203440e-21
8.302104e-18
3.733470e-12
4.986790e-23
1.146543e-17
7.497294e-25
1.022909e-08
1.846736e-24
2.343629e-06
3.212145e-23
3.547331e-18
2.255416e-13
2.255416e-13
1.771287e-20
3.006784e-20
1.815563e-25
7.139362e-28
6.084888e-21
1.168584e-14
2.343629e-06
3.133072e-24
2.852719e-22
2.774358e-15
1.278650e-14
4.467175e-26
6.170099e-17
3.885784e-17
3.328474e-22
1.132732e-25
5.022929e-18
1.771287e-20
7.497294e-25
1.055643e-12
1.351524e-22
3.330000e-07
1.021231e-19
1.655734e-19
1.570676e-13
2.806611e-27
7.261943e-27
2.795408e-14
3.184543e-19
5.754855e-19
1.846736e-24
2.343629e-06
3.330000e-07
8.302104e-18
4.543875e-25
3.212145e-23
1.564321e-14
3.212145e-23
5.048457e-14
8.763931e-11
3.822979e-22
5.022929e-18
1.387695e-22
8.763931e-11
1.364271e-23
1.168584e-14
6.424094e-21
1.464856e-17
1.747443e-11
3.330000e-07
2.175825e-19
4.467175e-26
4.924253e-10
2.169981e-17
7.139362e-28
4.924253e-10
1.564321e-14
1.815563e-25
1.146543e-17
5.048457e-14
3.525250e-21
5.294353e-12
1.437951e-21
1.021231e-19
7.321775e-14
2.958187e-25
2.255416e-13
1.351524e-22
2.255416e-13
7.199159e-08
1.655734e-19
2.343629e-06
3.672081e-13
2.063258e-12
3.330000e-07
3.006784e-20
3.006784e-20
2.974776e-11
7.199159e-08
9.099016e-21
2.093626e-10
7.105395e-20
4.537475e-16
9.099016e-21
1.516887e-21
1.815563e-25
3.212145e-23
3.462174e-18
1.437951e-21
3.330000e-07
2.169981e-17
4.924253e-10
1.243145e-23
3.629943e-10
2.473039e-20
2.275674e-15
4.924253e-10
3.330000e-07
2.958187e-25
1.655734e-19
8.356891e-13
1.455286e-20
2.665576e-16
3.330000e-07
1.820521e-09
4.659816e-17
2.063258e-12
5.022929e-18
1.452106e-11
1.820521e-09
7.321775e-14
1.771287e-20
1.022909e-08
3.733470e-12
7.706561e-15
7.706561e-15
1.192504e-18
3.462174e-18
1.351524e-22
2.665576e-16
5.963268e-18
2.852719e-22
2.665576e-16
3.672081e-13
6.803880e-20
2.795408e-14
3.629943e-10
7.261943e-27
3.501531e-15
2.343629e-06
8.973965e-18
3.832585e-20
2.473039e-20
6.094928e-23
3.133072e-24
1.948832e-16
7.261943e-27
8.999042e-14
1.243145e-23
1.135572e-21
5.754855e-19
5.294353e-12
2.852719e-22
1.858319e-18
3.501531e-15
1.105430e-12
7.706561e-15
1.278650e-14
1.522961e-20
6.170099e-17
4.659816e-17
8.763931e-11
4.924253e-10
1.597140e-18
8.973965e-18
2.275674e-15
5.022929e-18
8.369367e-22
2.343629e-06
1.522961e-20
5.421543e-22
5.294353e-12
1.771287e-20
4.467175e-26
2.063258e-12
1.913616e-23
6.094928e-23
2.093626e-10
2.343629e-06
2.255416e-13
2.852719e-22
8.728173e-19
6.094928e-23
1.820521e-09
2.806611e-27
5.048457e-14
3.525250e-21
3.330000e-07
5.022929e-18
1.055643e-12
1.105430e-12
1.858319e-18
3.547331e-18
5.421543e-22
9.724763e-23
3.733470e-12
3.212145e-23
1.570676e-13
9.694464e-17
8.105115e-16
6.315811e-17
3.330000e-07
5.048457e-14
1.146543e-17
7.524934e-26
3.672081e-13
5.483686e-20
3.733470e-12
4.708432e-24
2.901699e-21
6.424094e-21
1.095004e-15
6.199576e-22
4.924253e-10
3.465653e-09
1.464856e-17
1.564321e-14
3.672081e-13
2.255416e-13
2.026747e-22
5.294353e-12
2.343629e-06
6.315811e-17
2.774358e-15
5.483686e-20
3.184543e-19
8.763931e-11
2.063258e-12
3.465653e-09
1.820521e-09
2.343629e-06
3.184543e-19
1.022909e-08
8.999042e-14
3.547331e-18
2.974776e-11
3.672081e-13
3.547331e-18
4.537475e-16
3.328474e-22
3.184543e-19
1.564321e-14
1.522961e-20
2.343629e-06
5.963268e-18
6.094928e-23
5.963268e-18
1.132732e-25
5.022929e-18
3.629943e-10
3.885784e-17
1.858319e-18
3.006784e-20
9.756324e-17
7.397049e-19
7.105395e-20
1.452106e-11
8.973965e-18
2.343629e-06
2.774358e-15
1.351524e-22
3.006784e-20
3.212145e-23
1.655734e-19
8.356891e-13
8.038894e-21
3.547331e-18
3.462174e-18
3.547331e-18
4.543875e-25
1.021231e-19
5.573774e-15
2.473039e-20
5.294353e-12
1.452106e-11
3.330000e-07
6.094928e-23
3.885784e-17
1.430721e-21
1.278650e-14
4.301515e-19
1.820521e-09
3.547331e-18
2.175825e-19
2.774358e-15
7.261943e-27
1.507989e-19
6.199576e-22
2.806611e-27
6.803880e-20
3.406216e-23
2.093626e-10
6.170099e-17
1.815563e-25
3.330000e-07
1.747443e-11
3.672081e-13
1.190855e-15
3.330000e-07
2.958187e-25
8.302104e-18
3.006784e-20
8.105115e-16
1.455286e-20
1.132732e-25
3.629943e-10
3.629943e-10
1.278650e-14
1.516887e-21
1.351524e-22
2.806611e-27
2.093626e-10
1.820521e-09
7.105395e-20
8.176918e-20
7.139362e-28
3.629943e-10
4.537475e-16
2.901699e-21
1.846736e-24
3.465653e-09
5.963268e-18
1.655734e-19
2.275674e-15
1.055643e-12
2.203440e-21
2.901699e-21
1.387695e-22
2.343629e-06
8.369367e-22
3.672081e-13
1.507989e-19
8.728173e-19
1.846736e-24
2.175825e-19
1.736380e-17
6.199576e-22
8.302104e-18
4.464137e-21
1.736380e-17
5.022929e-18
1.190855e-15
3.212145e-23
2.343629e-06
7.261943e-27
5.963268e-18
6.170099e-17
5.657715e-20
4.467175e-26
1.597140e-18
1.095004e-15
7.524934e-26
2.203440e-21
1.516887e-21
4.924253e-10
1.168584e-14
3.330000e-07
1.055643e-12
4.924253e-10
4.986790e-23
1.387695e-22
3.157925e-24
6.084888e-21
2.795408e-14
1.464856e-17
2.343629e-06
3.330000e-07
8.973965e-18
3.832585e-20
1.771287e-20
3.212145e-23
1.437951e-21
8.999042e-14
1.192504e-18
8.038894e-21
3.629943e-10
7.199159e-08
7.397049e-19
1.055643e-12
1.055643e-12
2.806611e-27
3.330000e-07
3.462174e-18
1.948832e-16
2.093626e-10
3.006784e-20
3.733470e-12
1.430721e-21
3.462174e-18
5.483686e-20
2.169981e-17
3.328474e-22
2.343629e-06
1.820521e-09
2.473039e-20
6.170099e-17
3.733470e-12
1.146543e-17
3.184543e-19
4.924253e-10
1.022909e-08
7.524934e-26
1.455286e-20
2.175825e-19
2.343629e-06
1.105430e-12
1.820521e-09
5.573774e-15
8.473046e-19
7.397049e-19
2.255416e-13
7.902196e-23
8.369367e-22
1.452106e-11
1.437951e-21
1.820521e-09
2.852719e-22
1.747443e-11
7.199159e-08
2.343629e-06
5.483686e-20
1.736380e-17
5.573774e-15
8.356891e-13
1.146543e-17
6.094928e-23
5.048457e-14
3.885784e-17
5.421543e-22
2.255416e-13
3.330000e-07
8.473046e-19
3.672081e-13
1.820521e-09
5.573774e-15
5.483686e-20
4.543875e-25
2.473039e-20
7.139362e-28
3.462174e-18
3.733470e-12
8.038894e-21
4.708432e-24
2.343629e-06
6.084888e-21
1.278650e-14
2.203440e-21
1.135572e-21
7.199159e-08
2.175825e-19
8.038894e-21
1.022909e-08
1.570676e-13
1.747443e-11
1.507989e-19
5.421543e-22
3.330000e-07
8.369367e-22
1.351524e-22
2.255416e-13
7.321775e-14
1.771287e-20
2.343629e-06
1.105430e-12
7.321775e-14
2.255416e-13
1.022909e-08
4.986790e-23
1.570676e-13
2.806611e-27
5.754855e-19
2.774358e-15
2.665576e-16
1.747443e-11
4.924253e-10
1.924252e-16
1.464856e-17
9.694464e-17
1.846736e-24
3.733470e-12
2.473039e-20
5.573774e-15
3.501531e-15
2.255416e-13
1.452106e-11
2.343629e-06
1.747443e-11
1.452106e-11
4.708432e-24
3.462174e-18
3.629943e-10
3.157925e-24
6.199576e-22
3.006784e-20
5.294353e-12
1.095004e-15
4.464137e-21
7.199159e-08
3.133072e-24
7.969802e-25
3.465653e-09
7.199159e-08
6.094928e-23
3.157925e-24
2.255416e-13
1.924252e-16
3.832585e-20
7.199159e-08
2.806611e-27
5.421543e-22
2.887797e-19
2.169981e-17
3.501531e-15
1.736380e-17
1.747443e-11
5.421543e-22
2.093626e-10
4.986790e-23
2.063258e-12
3.629943e-10
1.351524e-22
8.176918e-20
1.055643e-12
3.822979e-22
1.771287e-20
2.275674e-15
3.330000e-07
2.852719e-22
3.465653e-09
1.516887e-21
3.629943e-10
6.315811e-17
1.820521e-09
1.146543e-17
3.465653e-09
1.924252e-16
1.022909e-08
2.343629e-06
5.754855e-19
6.866429e-16
3.547331e-18
2.026747e-22
3.629943e-10
3.672081e-13
8.728173e-19
2.774358e-15
3.462174e-18
4.924253e-10
1.820521e-09
6.866429e-16
3.885784e-17
1.507989e-19
1.105430e-12
1.948832e-16
4.467175e-26
5.421543e-22
1.364271e-23
2.175825e-19
3.672081e-13
3.406216e-23
7.524934e-26
7.199159e-08
2.093626e-10
1.190855e-15
3.330000e-07
3.157925e-24
2.806611e-27
2.473039e-20
1.113611e-26
1.452106e-11
3.465653e-09
3.733470e-12
1.387695e-22
1.146543e-17
3.733470e-12
1.820521e-09
1.135572e-21
1.570676e-13
7.199159e-08
5.294353e-12
3.462174e-18
5.657715e-20
5.294353e-12
6.424094e-21
1.570676e-13
8.356891e-13
7.261943e-27
3.157925e-24
3.462174e-18
1.516887e-21
7.902196e-23
5.048457e-14
8.664617e-24
8.302104e-18
2.774358e-15
6.170099e-17
1.507989e-19
3.006784e-20
2.093626e-10
7.199159e-08
1.655734e-19
3.133072e-24
7.497294e-25
3.832585e-20
7.902196e-23
1.022909e-08
1.597140e-18
4.537475e-16
3.330000e-07
2.974776e-11
1.146543e-17
3.330000e-07
2.255416e-13
7.969802e-25
3.212145e-23
1.135572e-21
3.330000e-07
2.901699e-21
2.255416e-13
4.537475e-16
2.343629e-06
3.133072e-24
4.986790e-23
1.452106e-11
3.733470e-12
1.948832e-16
5.048457e-14
